0 72.0 1.592664011695888e-05
1 73.0 1.5956975403241813e-05
2 74.0 1.612403866602108e-05
3 75.0 1.6155780031112954e-05
4 76.0 1.6219262761296704e-05
5 77.0 1.625100412638858e-05
6 78.0 1.6401780158048496e-05
7 79.0 1.6435184079455212e-05
8 80.0 1.6468588000861928e-05
9 81.0 1.6619847883703187e-05
10 82.0 1.6632249753456563e-05
11 83.0 1.6635845895507373e-05
12 84.0 1.676199826761149e-05
13 85.0 1.6765412510721944e-05
14 86.0 1.6896414308575913e-05
15 87.0 1.6901443814276718e-05
16 88.0 1.7037293218891133e-05
17 89.0 1.7043939806171693e-05
18 90.0 1.718463681754656e-05
19 91.0 1.7201162336277775e-05
20 92.0 1.7348324035992843e-05
21 93.0 1.73582011484541e-05
22 94.0 1.751021045492962e-05
23 95.0 1.7484953787061386e-05
24 96.0 1.75871991814347e-05
25 97.0 1.769182381394785e-05
26 98.0 1.7651802409091033e-05
27 99.0 1.7759999536792748e-05
28 100.0 1.7870574083644893e-05
29 101.0 1.7832933735917322e-05
30 102.0 1.7947078958968632e-05
31 103.0 1.8063605239149186e-05
32 104.0 1.802834594855085e-05
33 105.0 1.8148441085941158e-05
34 106.0 1.823240381781943e-05
35 107.0 1.8199203623225912e-05
36 108.0 1.8275688489666212e-05
37 109.0 1.8353752238908786e-05
38 110.0 1.839272590586916e-05
39 111.0 1.8503638784750365e-05
40 112.0 1.8413444195175547e-05
41 113.0 1.8434717276250005e-05
42 114.0 1.8456539692124352e-05
43 115.0 1.8478916899766773e-05
44 116.0 1.8501845261198472e-05
45 117.0 1.8501845261198472e-05
46 118.0 1.8525326595408842e-05
47 119.0 1.854935908340849e-05
48 120.0 1.8573944544186816e-05
49 121.0 1.8599081158754416e-05
50 122.0 1.8712480596150268e-05
51 123.0 1.873844666988589e-05
52 124.0 1.8713366443989802e-05
53 125.0 1.876242458820343e-05
54 126.0 1.8723849279922437e-05
55 127.0 1.863621946540661e-05
56 128.0 1.8685093891690485e-05
57 129.0 1.8646154785528782e-05
58 130.0 1.8694938262342475e-05
59 131.0 1.862752287706826e-05
60 132.0 1.854662514233496e-05
61 133.0 1.8595081201056022e-05
62 134.0 1.851365595939569e-05
63 135.0 1.856193739513401e-05
64 136.0 1.847998282755725e-05
65 137.0 1.8528087821323425e-05
66 138.0 1.8576194634079002e-05
67 139.0 1.8493534298613667e-05
68 140.0 1.8492472008802e-05
69 141.0 1.8347847799304873e-05
70 142.0 1.8334085325477645e-05
71 143.0 1.8320321032661013e-05
72 144.0 1.8175396689912304e-05
73 145.0 1.8161557818530127e-05
74 146.0 1.814771894714795e-05
75 147.0 1.8002494471147656e-05
76 148.0 1.7988579202210527e-05
77 149.0 1.7974665752262812e-05
78 150.0 1.7960752302315086e-05
79 151.0 1.7946838852367364e-05
80 152.0 1.7801161448005587e-05
81 153.0 1.7787171600502916e-05
82 154.0 1.7773183571989648e-05
83 155.0 1.7724800272844732e-05
84 156.0 1.766755485732574e-05
85 157.0 1.7610307622817345e-05
86 158.0 1.7553062207298353e-05
87 159.0 1.749581679177936e-05
88 160.0 1.7438569557270966e-05
89 161.0 1.7381324141751975e-05
90 162.0 1.7324078726232987e-05
91 163.0 1.7266831491724588e-05
92 164.0 1.7209586076205593e-05
93 165.0 1.7152340660686605e-05
94 166.0 1.709509342617821e-05
95 167.0 1.7037848010659218e-05
96 168.0 1.7110623957705684e-05
97 169.0 1.7053240298992026e-05
98 170.0 1.6979836800601333e-05
99 171.0 1.6902304196264595e-05
100 172.0 1.6824771591927856e-05
101 173.0 1.687565236352384e-05
102 174.0 1.679773959040176e-05
103 175.0 1.671982681727968e-05
104 176.0 1.6769188732723705e-05
105 177.0 1.6690897609805688e-05
106 178.0 1.6612604667898268e-05
107 179.0 1.673911901889369e-05
108 180.0 1.6660445908200927e-05
109 181.0 1.6581772797508165e-05
110 182.0 1.6628475350444205e-05
111 183.0 1.6549422070966102e-05
112 184.0 1.6594984117546122e-05
113 185.0 1.6515550669282675e-05
114 186.0 1.6639785826555453e-05
115 187.0 1.6558740753680468e-05
116 188.0 1.6600522940279916e-05
117 189.0 1.6634719941066578e-05
118 190.0 1.6552392480662093e-05
119 191.0 1.665461422817316e-05
120 192.0 1.657223401707597e-05
121 193.0 1.6591970052104447e-05
122 194.0 1.661159876675811e-05
123 195.0 1.661159876675811e-05
124 196.0 1.6631123799015768e-05
125 197.0 1.665054151089862e-05
126 198.0 1.665054151089862e-05
127 199.0 1.6669853721396066e-05
128 200.0 1.668906224949751e-05
129 201.0 1.6790912923170254e-05
130 202.0 1.6708161638234742e-05
131 203.0 1.672715734457597e-05
132 204.0 1.682890251686331e-05
133 205.0 1.684773997112643e-05
134 206.0 1.6949432392721068e-05
135 207.0 1.6968109775916673e-05
136 208.0 1.6888639947865162e-05
137 209.0 1.699003405519761e-05
138 210.0 1.699929271126166e-05
139 211.0 1.705955946817994e-05
140 212.0 1.7041606042766947e-05
141 213.0 1.7102232959587127e-05
142 214.0 1.7162858057417907e-05
143 215.0 1.7146345271612518e-05
144 216.0 1.72073305293452e-05
145 217.0 1.7191896404256113e-05
146 218.0 1.7253241821890697e-05
147 219.0 1.731458723952528e-05
148 220.0 1.73005919350544e-05
149 221.0 1.7362297512590885e-05
150 222.0 1.742400309012737e-05
151 223.0 1.7411446606274694e-05
152 224.0 1.7473512343713082e-05
153 225.0 1.751821764628403e-05
154 226.0 1.7453474356443618e-05
155 227.0 1.746204543451313e-05
156 228.0 1.7470614693593234e-05
157 229.0 1.7479185771662742e-05
158 230.0 1.7496327927801758e-05
159 231.0 1.7439113435102627e-05
160 232.0 1.7448761354899037e-05
161 233.0 1.7458407455706038e-05
162 234.0 1.746805355651304e-05
163 235.0 1.7477699657320045e-05
164 236.0 1.7487347577116452e-05
165 237.0 1.7496993677923456e-05
166 238.0 1.749955481500365e-05
167 239.0 1.745660301821772e-05
168 240.0 1.7413651221431792e-05
169 241.0 1.7370699424645863e-05
170 242.0 1.7327747627859935e-05
171 243.0 1.7284795831074007e-05
172 244.0 1.7198890418512747e-05
173 245.0 1.715593862172682e-05
174 246.0 1.711298682494089e-05
175 247.0 1.7070035028154962e-05
176 248.0 1.7027083231369033e-05
177 249.0 1.6984131434583105e-05
178 250.0 1.693383092060685e-05
179 251.0 1.687832991592586e-05
180 252.0 1.679920569586102e-05
181 253.0 1.6720081475796175e-05
182 254.0 1.6670408513164148e-05
183 255.0 1.6589745428063907e-05
184 256.0 1.642841743887402e-05
185 257.0 1.634775435377378e-05
186 258.0 1.6288844562950547e-05
187 259.0 1.62066407938255e-05
188 260.0 1.612443884368986e-05
189 261.0 1.605937177373562e-05
190 262.0 1.5975629139575173e-05
