1.00200 0.00000 0.00000 0.04781 0.04419
0.99600 0.00001 0.00000 0.04781 0.04419
0.99000 0.00002 0.00000 0.04781 0.04419
0.98400 0.00003 0.00000 0.04781 0.04419
0.97800 0.00004 0.00000 0.04781 0.04419
0.97200 0.00004 0.00000 0.04781 0.04419
0.96600 0.00003 0.00000 0.04781 0.04419
0.96000 0.00003 0.00000 0.04781 0.04419
0.95400 0.00002 0.00000 0.04781 0.04419
0.94800 0.00001 0.00000 0.04781 0.04419
0.94200 0.00000 0.00000 0.04781 0.04419
0.93600 -0.00000 0.00000 0.04781 0.04419
0.93000 -0.00001 0.00000 0.04781 0.04419
0.92400 0.00000 0.00001 0.04781 0.04419
0.91800 0.00000 0.00001 0.04781 0.04419
0.91200 0.00001 0.00001 0.04781 0.04419
0.90600 0.00001 0.00001 0.04781 0.04419
0.90000 0.00001 0.00001 0.04781 0.04419
0.89400 0.00001 0.00000 0.04781 0.04419
0.88800 0.00001 0.00000 0.04781 0.04419
0.88200 0.00001 0.00000 0.04781 0.04419
0.87600 0.00001 0.00000 0.04781 0.04419
0.87000 0.00001 0.00000 0.04781 0.04419
0.86400 0.00001 0.00000 0.04781 0.04419
0.85800 0.00001 0.00000 0.04781 0.04419
0.85200 0.00001 0.00000 0.04781 0.04419
0.84600 0.00001 0.00000 0.04781 0.04419
0.84000 0.00000 0.00000 0.04781 0.04419
0.83400 0.00000 0.00000 0.04781 0.04419
0.82800 -0.00000 0.00000 0.04781 0.04419
0.82200 -0.00001 0.00000 0.04781 0.04419
0.81600 -0.00001 0.00000 0.04781 0.04419
0.81000 -0.00001 0.00000 0.04781 0.04419
0.80400 -0.00001 0.00000 0.04781 0.04419
0.79800 -0.00001 0.00001 0.04781 0.04419
0.79200 -0.00001 0.00001 0.04781 0.04419
0.78600 -0.00001 0.00001 0.04781 0.04419
0.78000 -0.00000 0.00001 0.04781 0.04419
0.77400 -0.00000 0.00001 0.04781 0.04419
0.76800 0.00000 0.00001 0.04781 0.04419
0.76200 -0.00000 0.00000 0.04781 0.04419
0.75600 -0.00000 0.00000 0.04781 0.04419
0.75000 -0.00001 0.00000 0.04781 0.04419
0.74400 -0.00001 0.00000 0.04781 0.04419
0.73800 -0.00000 0.00000 0.04781 0.04419
0.73200 0.00000 0.00000 0.04781 0.04419
0.72600 0.00001 0.00000 0.04781 0.04419
0.72000 0.00001 0.00000 0.04781 0.04419
0.71400 0.00001 0.00000 0.04781 0.04419
0.70800 0.00001 0.00000 0.04781 0.04419
0.70200 0.00001 0.00000 0.04781 0.04419
0.69600 0.00001 0.00000 0.04781 0.04419
0.69000 0.00000 0.00000 0.04781 0.04419
0.68400 -0.00001 0.00000 0.04781 0.04419
0.67800 -0.00001 0.00000 0.04781 0.04419
0.67200 -0.00002 0.00000 0.04781 0.04419
0.66600 -0.00002 0.00000 0.04781 0.04419
0.66000 -0.00002 0.00000 0.04781 0.04419
0.65400 -0.00001 0.00001 0.04781 0.04419
0.64800 -0.00000 0.00001 0.04781 0.04419
0.64200 0.00001 0.00001 0.04781 0.04419
0.63600 0.00003 0.00001 0.04781 0.04419
0.63000 0.00003 0.00000 0.04781 0.04419
0.62400 0.00003 0.00000 0.04781 0.04419
0.61800 0.00003 0.00000 0.04781 0.04419
0.61200 0.00002 0.00001 0.04781 0.04419
0.60600 0.00001 0.00001 0.04781 0.04419
0.60000 0.00001 0.00001 0.04781 0.04419
0.59400 0.00000 0.00001 0.04781 0.04419
0.58800 0.00001 0.00001 0.04781 0.04419
0.58200 0.00001 0.00000 0.04781 0.04419
0.57600 0.00002 0.00000 0.04781 0.04419
0.57000 0.00003 0.00000 0.04781 0.04419
0.56400 0.00003 0.00000 0.04781 0.04419
0.55800 0.00004 0.00000 0.04781 0.04419
0.55200 0.00005 0.00000 0.04781 0.04419
0.54600 0.00005 0.00000 0.04781 0.04419
0.54000 0.00004 0.00000 0.04781 0.04419
0.53400 0.00004 0.00001 0.04781 0.04419
0.52800 0.00003 0.00001 0.04781 0.04419
0.52200 0.00003 0.00001 0.04781 0.04419
0.51600 0.00002 0.00001 0.04781 0.04419
0.51000 0.00002 0.00001 0.04781 0.04419
0.50400 0.00002 0.00001 0.04781 0.04419
0.49800 0.00002 0.00001 0.04781 0.04419
0.49200 0.00002 0.00001 0.04781 0.04419
0.48600 0.00001 0.00001 0.04781 0.04419
0.48000 0.00001 0.00000 0.04781 0.04419
0.47400 0.00000 0.00000 0.04781 0.04419
0.46800 0.00001 0.00000 0.04781 0.04419
0.46200 0.00001 0.00000 0.04781 0.04419
0.45600 0.00001 0.00000 0.04781 0.04419
0.45000 0.00002 0.00000 0.04781 0.04419
0.44400 0.00003 0.00000 0.04781 0.04419
0.43800 0.00003 0.00000 0.04781 0.04419
0.43200 0.00004 0.00000 0.04781 0.04419
0.42600 0.00004 0.00000 0.04781 0.04419
0.42000 0.00005 0.00000 0.04781 0.04419
0.41400 0.00005 0.00000 0.04781 0.04419
0.40800 0.00005 0.00001 0.04781 0.04419
0.40200 0.00005 0.00001 0.04781 0.04419
0.39600 0.00005 0.00000 0.04781 0.04419
0.39000 0.00005 0.00000 0.04781 0.04419
0.38400 0.00006 0.00000 0.04781 0.04419
0.37800 0.00007 0.00001 0.04781 0.04419
0.37200 0.00008 0.00001 0.04781 0.04419
0.36600 0.00010 0.00001 0.04781 0.04419
0.36000 0.00010 0.00000 0.04781 0.04419
0.35400 0.00011 0.00000 0.04781 0.04419
0.34800 0.00011 0.00001 0.04781 0.04419
0.34200 0.00010 0.00001 0.04781 0.04419
0.33600 0.00010 0.00001 0.04781 0.04419
0.33000 0.00011 0.00001 0.04781 0.04419
0.32400 0.00013 0.00001 0.04781 0.04419
0.31800 0.00014 0.00001 0.04781 0.04419
0.31200 0.00016 0.00001 0.04781 0.04419
0.30600 0.00019 0.00001 0.04781 0.04419
0.30000 0.00021 0.00001 0.04781 0.04419
0.29400 0.00024 0.00001 0.04781 0.04419
0.28800 0.00027 0.00001 0.04781 0.04419
0.28200 0.00031 0.00001 0.04781 0.04419
0.27600 0.00035 0.00000 0.04781 0.04419
0.27000 0.00039 0.00000 0.04781 0.04419
0.26400 0.00043 0.00000 0.04781 0.04419
0.25800 0.00048 0.00000 0.04781 0.04419
0.25200 0.00053 0.00000 0.04781 0.04419
0.24600 0.00060 0.00000 0.04781 0.04419
0.24000 0.00067 0.00000 0.04781 0.04419
0.23400 0.00075 0.00001 0.04781 0.04419
0.22800 0.00085 0.00000 0.04781 0.04419
0.22200 0.00096 0.00000 0.04781 0.04419
0.21600 0.00109 0.00000 0.04781 0.04419
0.21000 0.00123 0.00000 0.04781 0.04419
0.20400 0.00139 0.00000 0.04781 0.04419
0.19800 0.00156 0.00000 0.04781 0.04419
0.19200 0.00174 0.00000 0.04781 0.04419
0.18600 0.00192 0.00000 0.04781 0.04419
0.18000 0.00210 0.00000 0.04781 0.04419
0.17400 0.00226 0.00000 0.04781 0.04419
0.16800 0.00242 0.00000 0.04781 0.04419
0.16200 0.00257 0.00001 0.04781 0.04419
0.15600 0.00271 0.00001 0.04781 0.04419
0.15000 0.00285 0.00001 0.04781 0.04419
0.14400 0.00299 0.00002 0.04781 0.04419
0.13800 0.00312 0.00002 0.04781 0.04419
0.13200 0.00327 0.00003 0.04781 0.04419
0.12600 0.00340 0.00003 0.04781 0.04419
0.12000 0.00352 0.00004 0.04781 0.04419
0.11400 0.00365 0.00005 0.04781 0.04419
0.10800 0.00379 0.00006 0.04781 0.04419
0.10200 0.00394 0.00007 0.04781 0.04419
0.09600 0.00411 0.00008 0.04781 0.04419
0.09000 0.00429 0.00009 0.04781 0.04419
0.08400 0.00447 0.00011 0.04781 0.04419
0.07800 0.00481 0.00011 0.04781 0.04419
0.07200 0.00502 0.00013 0.04781 0.04419
0.06600 0.00525 0.00014 0.04781 0.04419
0.06000 0.00549 0.00015 0.04781 0.04419
0.05400 0.00575 0.00017 0.04781 0.04419
0.04800 0.00603 0.00018 0.04781 0.04419
0.04200 0.00633 0.00020 0.04781 0.04419
0.03600 0.00664 0.00021 0.04781 0.04419
0.03000 0.00695 0.00022 0.04781 0.04419
0.02400 0.00746 0.00015 0.04781 0.04419
0.01800 0.00770 0.00015 0.04781 0.04419
0.01200 0.00787 0.00015 0.04781 0.04419
0.00600 0.00794 0.00015 0.04781 0.04419
0.00000 0.00792 0.00014 0.04781 0.04419
-0.00600 0.00780 0.00015 0.04781 0.04419
-0.01200 0.00760 0.00015 0.04781 0.04419
-0.01800 0.00733 0.00015 0.04781 0.04419
-0.02400 0.00701 0.00015 0.04781 0.04419
-0.03000 0.00682 0.00009 0.04781 0.04419
-0.03600 0.00649 0.00009 0.04781 0.04419
-0.04200 0.00616 0.00009 0.04781 0.04419
-0.04800 0.00586 0.00009 0.04781 0.04419
-0.05400 0.00559 0.00009 0.04781 0.04419
-0.06000 0.00535 0.00008 0.04781 0.04419
-0.06600 0.00513 0.00007 0.04781 0.04419
-0.07200 0.00494 0.00007 0.04781 0.04419
-0.07800 0.00476 0.00006 0.04781 0.04419
-0.08400 0.00465 0.00005 0.04781 0.04419
-0.09000 0.00448 0.00004 0.04781 0.04419
-0.09600 0.00432 0.00004 0.04781 0.04419
-0.10200 0.00416 0.00003 0.04781 0.04419
-0.10800 0.00401 0.00003 0.04781 0.04419
-0.11400 0.00386 0.00002 0.04781 0.04419
-0.12000 0.00371 0.00002 0.04781 0.04419
-0.12600 0.00358 0.00001 0.04781 0.04419
-0.13200 0.00344 0.00001 0.04781 0.04419
-0.13800 0.00331 0.00000 0.04781 0.04419
-0.14400 0.00318 0.00000 0.04781 0.04419
-0.15000 0.00304 0.00000 0.04781 0.04419
-0.15600 0.00291 0.00000 0.04781 0.04419
-0.16200 0.00277 0.00001 0.04781 0.04419
-0.16800 0.00263 0.00001 0.04781 0.04419
-0.17400 0.00247 0.00002 0.04781 0.04419
-0.18000 0.00232 0.00002 0.04781 0.04419
-0.18600 0.00212 0.00003 0.04781 0.04419
-0.19200 0.00195 0.00003 0.04781 0.04419
-0.19800 0.00179 0.00003 0.04781 0.04419
-0.20400 0.00162 0.00004 0.04781 0.04419
-0.21000 0.00146 0.00004 0.04781 0.04419
-0.21600 0.00130 0.00003 0.04781 0.04419
-0.22200 0.00116 0.00003 0.04781 0.04419
-0.22800 0.00101 0.00003 0.04781 0.04419
-0.23400 0.00088 0.00003 0.04781 0.04419
-0.24000 0.00072 0.00002 0.04781 0.04419
-0.24600 0.00061 0.00002 0.04781 0.04419
-0.25200 0.00051 0.00002 0.04781 0.04419
-0.25800 0.00042 0.00002 0.04781 0.04419
-0.26400 0.00035 0.00002 0.04781 0.04419
-0.27000 0.00028 0.00001 0.04781 0.04419
-0.27600 0.00023 0.00001 0.04781 0.04419
-0.28200 0.00019 0.00001 0.04781 0.04419
-0.28800 0.00016 0.00001 0.04781 0.04419
-0.29400 0.00012 0.00001 0.04781 0.04419
-0.30000 0.00010 0.00001 0.04781 0.04419
-0.30600 0.00009 0.00000 0.04781 0.04419
-0.31200 0.00007 0.00000 0.04781 0.04419
-0.31800 0.00007 0.00000 0.04781 0.04419
-0.32400 0.00006 0.00000 0.04781 0.04419
-0.33000 0.00005 0.00000 0.04781 0.04419
-0.33600 0.00005 0.00001 0.04781 0.04419
-0.34200 0.00004 0.00001 0.04781 0.04419
-0.34800 0.00003 0.00001 0.04781 0.04419
-0.35400 0.00002 0.00001 0.04781 0.04419
-0.36000 0.00002 0.00000 0.04781 0.04419
-0.36600 0.00001 0.00000 0.04781 0.04419
-0.37200 0.00001 0.00000 0.04781 0.04419
-0.37800 0.00001 0.00000 0.04781 0.04419
-0.38400 0.00001 0.00001 0.04781 0.04419
-0.39000 0.00002 0.00001 0.04781 0.04419
-0.39600 0.00002 0.00001 0.04781 0.04419
-0.40200 0.00002 0.00000 0.04781 0.04419
-0.40800 0.00002 0.00000 0.04781 0.04419
-0.41400 0.00002 0.00000 0.04781 0.04419
-0.42000 0.00002 0.00000 0.04781 0.04419
-0.42600 0.00001 0.00001 0.04781 0.04419
-0.43200 0.00001 0.00000 0.04781 0.04419
-0.43800 0.00001 0.00000 0.04781 0.04419
-0.44400 0.00001 0.00000 0.04781 0.04419
-0.45000 0.00001 0.00000 0.04781 0.04419
-0.45600 0.00001 0.00000 0.04781 0.04419
-0.46200 0.00000 0.00000 0.04781 0.04419
-0.46800 0.00000 0.00000 0.04781 0.04419
-0.47400 0.00000 0.00000 0.04781 0.04419
-0.48000 0.00000 0.00000 0.04781 0.04419
-0.48600 0.00000 0.00000 0.04781 0.04419
-0.49200 0.00000 0.00000 0.04781 0.04419
-0.49800 -0.00000 0.00001 0.04781 0.04419
-0.50400 -0.00000 0.00000 0.04781 0.04419
-0.51000 -0.00001 0.00000 0.04781 0.04419
-0.51600 -0.00001 0.00000 0.04781 0.04419
-0.52200 -0.00002 0.00000 0.04781 0.04419
-0.52800 -0.00002 0.00001 0.04781 0.04419
-0.53400 -0.00002 0.00001 0.04781 0.04419
-0.54000 -0.00002 0.00000 0.04781 0.04419
-0.54600 -0.00002 0.00000 0.04781 0.04419
-0.55200 -0.00002 0.00000 0.04781 0.04419
-0.55800 -0.00002 0.00000 0.04781 0.04419
-0.56400 -0.00002 0.00000 0.04781 0.04419
-0.57000 -0.00002 0.00000 0.04781 0.04419
-0.57600 -0.00002 0.00000 0.04781 0.04419
-0.58200 -0.00002 0.00000 0.04781 0.04419
-0.58800 -0.00002 0.00000 0.04781 0.04419
-0.59400 -0.00001 0.00000 0.04781 0.04419
-0.60000 -0.00001 0.00000 0.04781 0.04419
-0.60600 -0.00001 0.00000 0.04781 0.04419
-0.61200 -0.00000 0.00001 0.04781 0.04419
-0.61800 0.00000 0.00001 0.04781 0.04419
-0.62400 0.00000 0.00000 0.04781 0.04419
-0.63000 0.00000 0.00000 0.04781 0.04419
-0.63600 0.00001 0.00000 0.04781 0.04419
-0.64200 0.00001 0.00000 0.04781 0.04419
-0.64800 0.00001 0.00000 0.04781 0.04419
-0.65400 0.00001 0.00000 0.04781 0.04419
-0.66000 0.00001 0.00000 0.04781 0.04419
-0.66600 0.00000 0.00000 0.04781 0.04419
-0.67200 0.00000 0.00001 0.04781 0.04419
-0.67800 0.00000 0.00000 0.04781 0.04419
-0.68400 0.00000 0.00000 0.04781 0.04419
-0.69000 0.00000 0.00000 0.04781 0.04419
-0.69600 -0.00000 0.00000 0.04781 0.04419
-0.70200 -0.00000 0.00000 0.04781 0.04419
-0.70800 -0.00000 0.00000 0.04781 0.04419
-0.71400 -0.00000 0.00000 0.04781 0.04419
-0.72000 -0.00000 0.00000 0.04781 0.04419
-0.72600 0.00000 0.00000 0.04781 0.04419
-0.73200 0.00001 0.00000 0.04781 0.04419
-0.73800 0.00001 0.00000 0.04781 0.04419
-0.74400 0.00001 0.00000 0.04781 0.04419
-0.75000 0.00000 0.00000 0.04781 0.04419
-0.75600 0.00000 0.00000 0.04781 0.04419
-0.76200 0.00000 0.00000 0.04781 0.04419
-0.76800 0.00001 0.00000 0.04781 0.04419
-0.77400 0.00001 0.00000 0.04781 0.04419
-0.78000 0.00001 0.00000 0.04781 0.04419
-0.78600 0.00001 0.00000 0.04781 0.04419
-0.79200 0.00001 0.00000 0.04781 0.04419
-0.79800 0.00001 0.00000 0.04781 0.04419
-0.80400 -0.00000 0.00000 0.04781 0.04419
-0.81000 -0.00001 0.00000 0.04781 0.04419
-0.81600 -0.00001 0.00000 0.04781 0.04419
-0.82200 -0.00001 0.00000 0.04781 0.04419
-0.82800 -0.00001 0.00000 0.04781 0.04419
-0.83400 -0.00001 0.00000 0.04781 0.04419
-0.84000 0.00000 0.00000 0.04781 0.04419
-0.84600 0.00001 0.00000 0.04781 0.04419
-0.85200 0.00002 0.00000 0.04781 0.04419
-0.85800 0.00003 0.00000 0.04781 0.04419
-0.86400 0.00003 0.00000 0.04781 0.04419
-0.87000 0.00003 0.00000 0.04781 0.04419
-0.87600 0.00002 0.00000 0.04781 0.04419
-0.88200 0.00001 0.00000 0.04781 0.04419
-0.88800 0.00001 0.00000 0.04781 0.04419
-0.89400 0.00000 0.00000 0.04781 0.04419
-0.90000 -0.00000 0.00000 0.04781 0.04419
-0.90600 -0.00000 0.00000 0.04781 0.04419
-0.91200 -0.00001 0.00000 0.04781 0.04419
-0.91800 -0.00001 0.00000 0.04781 0.04419
-0.92400 -0.00002 0.00000 0.04781 0.04419
-0.93000 -0.00002 0.00000 0.04781 0.04419
-0.93600 -0.00002 0.00000 0.04781 0.04419
-0.94200 -0.00002 0.00000 0.04781 0.04419
-0.94800 -0.00001 0.00001 0.04781 0.04419
-0.95400 -0.00001 0.00001 0.04781 0.04419
-0.96000 -0.00000 0.00001 0.04781 0.04419
-0.96600 0.00000 0.00000 0.04781 0.04419
-0.97200 -0.00000 0.00000 0.04781 0.04419
-0.97800 -0.00000 0.00000 0.04781 0.04419
-0.98400 0.00000 0.00000 0.04781 0.04419
-0.99000 0.00000 0.00000 0.04781 0.04419
-0.99600 0.00001 0.00000 0.04781 0.04419
-1.00200 0.00001 0.00000 0.04781 0.04419
