1.00200 -0.00001 0.00000 0.04781 0.04419
0.99600 -0.00001 0.00000 0.04781 0.04419
0.99000 -0.00001 0.00000 0.04781 0.04419
0.98400 -0.00001 0.00000 0.04781 0.04419
0.97800 -0.00001 0.00000 0.04781 0.04419
0.97200 -0.00001 0.00000 0.04781 0.04419
0.96600 -0.00001 0.00000 0.04781 0.04419
0.96000 -0.00001 0.00000 0.04781 0.04419
0.95400 -0.00001 0.00000 0.04781 0.04419
0.94800 -0.00000 0.00000 0.04781 0.04419
0.94200 0.00000 0.00000 0.04781 0.04419
0.93600 0.00001 0.00000 0.04781 0.04419
0.93000 0.00002 0.00000 0.04781 0.04419
0.92400 0.00003 0.00000 0.04781 0.04419
0.91800 0.00003 0.00000 0.04781 0.04419
0.91200 0.00003 0.00000 0.04781 0.04419
0.90600 0.00003 0.00000 0.04781 0.04419
0.90000 0.00003 0.00000 0.04781 0.04419
0.89400 0.00002 0.00000 0.04781 0.04419
0.88800 0.00001 0.00000 0.04781 0.04419
0.88200 0.00001 0.00000 0.04781 0.04419
0.87600 0.00001 0.00000 0.04781 0.04419
0.87000 0.00001 0.00001 0.04781 0.04419
0.86400 0.00001 0.00001 0.04781 0.04419
0.85800 0.00002 0.00001 0.04781 0.04419
0.85200 0.00002 0.00001 0.04781 0.04419
0.84600 0.00002 0.00000 0.04781 0.04419
0.84000 0.00002 0.00000 0.04781 0.04419
0.83400 0.00002 0.00000 0.04781 0.04419
0.82800 0.00002 0.00000 0.04781 0.04419
0.82200 0.00002 0.00000 0.04781 0.04419
0.81600 0.00003 0.00000 0.04781 0.04419
0.81000 0.00003 0.00000 0.04781 0.04419
0.80400 0.00003 0.00000 0.04781 0.04419
0.79800 0.00003 0.00000 0.04781 0.04419
0.79200 0.00003 0.00000 0.04781 0.04419
0.78600 0.00002 0.00000 0.04781 0.04419
0.78000 0.00001 0.00000 0.04781 0.04419
0.77400 0.00000 0.00000 0.04781 0.04419
0.76800 0.00000 0.00000 0.04781 0.04419
0.76200 -0.00000 0.00000 0.04781 0.04419
0.75600 -0.00000 0.00000 0.04781 0.04419
0.75000 -0.00000 0.00000 0.04781 0.04419
0.74400 0.00000 0.00000 0.04781 0.04419
0.73800 0.00001 0.00000 0.04781 0.04419
0.73200 0.00001 0.00000 0.04781 0.04419
0.72600 0.00001 0.00000 0.04781 0.04419
0.72000 0.00002 0.00000 0.04781 0.04419
0.71400 0.00002 0.00000 0.04781 0.04419
0.70800 0.00003 0.00000 0.04781 0.04419
0.70200 0.00003 0.00000 0.04781 0.04419
0.69600 0.00003 0.00000 0.04781 0.04419
0.69000 0.00003 0.00000 0.04781 0.04419
0.68400 0.00002 0.00000 0.04781 0.04419
0.67800 0.00001 0.00001 0.04781 0.04419
0.67200 0.00000 0.00001 0.04781 0.04419
0.66600 -0.00001 0.00000 0.04781 0.04419
0.66000 -0.00001 0.00001 0.04781 0.04419
0.65400 -0.00001 0.00000 0.04781 0.04419
0.64800 -0.00002 0.00000 0.04781 0.04419
0.64200 -0.00002 0.00000 0.04781 0.04419
0.63600 -0.00002 0.00000 0.04781 0.04419
0.63000 -0.00002 0.00000 0.04781 0.04419
0.62400 -0.00002 0.00000 0.04781 0.04419
0.61800 -0.00001 0.00000 0.04781 0.04419
0.61200 -0.00001 0.00000 0.04781 0.04419
0.60600 0.00001 0.00000 0.04781 0.04419
0.60000 0.00001 0.00000 0.04781 0.04419
0.59400 0.00002 0.00000 0.04781 0.04419
0.58800 0.00002 0.00000 0.04781 0.04419
0.58200 0.00002 0.00000 0.04781 0.04419
0.57600 0.00002 0.00000 0.04781 0.04419
0.57000 0.00001 0.00000 0.04781 0.04419
0.56400 0.00001 0.00000 0.04781 0.04419
0.55800 0.00000 0.00000 0.04781 0.04419
0.55200 -0.00000 0.00000 0.04781 0.04419
0.54600 -0.00001 0.00000 0.04781 0.04419
0.54000 -0.00001 0.00000 0.04781 0.04419
0.53400 -0.00000 0.00000 0.04781 0.04419
0.52800 0.00000 0.00001 0.04781 0.04419
0.52200 0.00001 0.00001 0.04781 0.04419
0.51600 0.00002 0.00001 0.04781 0.04419
0.51000 0.00002 0.00001 0.04781 0.04419
0.50400 0.00003 0.00001 0.04781 0.04419
0.49800 0.00003 0.00001 0.04781 0.04419
0.49200 0.00003 0.00001 0.04781 0.04419
0.48600 0.00003 0.00001 0.04781 0.04419
0.48000 0.00003 0.00001 0.04781 0.04419
0.47400 0.00003 0.00001 0.04781 0.04419
0.46800 0.00003 0.00001 0.04781 0.04419
0.46200 0.00003 0.00000 0.04781 0.04419
0.45600 0.00002 0.00000 0.04781 0.04419
0.45000 0.00001 0.00000 0.04781 0.04419
0.44400 0.00001 0.00000 0.04781 0.04419
0.43800 0.00001 0.00000 0.04781 0.04419
0.43200 0.00001 0.00000 0.04781 0.04419
0.42600 0.00002 0.00000 0.04781 0.04419
0.42000 0.00002 0.00000 0.04781 0.04419
0.41400 0.00003 0.00001 0.04781 0.04419
0.40800 0.00003 0.00001 0.04781 0.04419
0.40200 0.00003 0.00001 0.04781 0.04419
0.39600 0.00004 0.00001 0.04781 0.04419
0.39000 0.00004 0.00001 0.04781 0.04419
0.38400 0.00004 0.00001 0.04781 0.04419
0.37800 0.00004 0.00000 0.04781 0.04419
0.37200 0.00004 0.00000 0.04781 0.04419
0.36600 0.00005 0.00000 0.04781 0.04419
0.36000 0.00005 0.00000 0.04781 0.04419
0.35400 0.00006 0.00000 0.04781 0.04419
0.34800 0.00007 0.00000 0.04781 0.04419
0.34200 0.00009 0.00000 0.04781 0.04419
0.33600 0.00011 0.00000 0.04781 0.04419
0.33000 0.00013 0.00000 0.04781 0.04419
0.32400 0.00017 0.00000 0.04781 0.04419
0.31800 0.00021 0.00000 0.04781 0.04419
0.31200 0.00025 0.00001 0.04781 0.04419
0.30600 0.00029 0.00001 0.04781 0.04419
0.30000 0.00034 0.00001 0.04781 0.04419
0.29400 0.00038 0.00001 0.04781 0.04419
0.28800 0.00043 0.00000 0.04781 0.04419
0.28200 0.00048 0.00000 0.04781 0.04419
0.27600 0.00054 0.00000 0.04781 0.04419
0.27000 0.00059 0.00000 0.04781 0.04419
0.26400 0.00065 0.00000 0.04781 0.04419
0.25800 0.00071 0.00000 0.04781 0.04419
0.25200 0.00077 0.00000 0.04781 0.04419
0.24600 0.00083 0.00000 0.04781 0.04419
0.24000 0.00091 0.00000 0.04781 0.04419
0.23400 0.00099 0.00000 0.04781 0.04419
0.22800 0.00109 0.00001 0.04781 0.04419
0.22200 0.00119 0.00001 0.04781 0.04419
0.21600 0.00130 0.00001 0.04781 0.04419
0.21000 0.00143 0.00002 0.04781 0.04419
0.20400 0.00158 0.00002 0.04781 0.04419
0.19800 0.00173 0.00002 0.04781 0.04419
0.19200 0.00189 0.00002 0.04781 0.04419
0.18600 0.00206 0.00002 0.04781 0.04419
0.18000 0.00225 0.00002 0.04781 0.04419
0.17400 0.00240 0.00002 0.04781 0.04419
0.16800 0.00253 0.00001 0.04781 0.04419
0.16200 0.00264 0.00001 0.04781 0.04419
0.15600 0.00274 0.00000 0.04781 0.04419
0.15000 0.00281 0.00000 0.04781 0.04419
0.14400 0.00286 0.00000 0.04781 0.04419
0.13800 0.00290 0.00000 0.04781 0.04419
0.13200 0.00292 0.00001 0.04781 0.04419
0.12600 0.00295 0.00001 0.04781 0.04419
0.12000 0.00297 0.00001 0.04781 0.04419
0.11400 0.00300 0.00001 0.04781 0.04419
0.10800 0.00304 0.00001 0.04781 0.04419
0.10200 0.00309 0.00001 0.04781 0.04419
0.09600 0.00315 0.00001 0.04781 0.04419
0.09000 0.00323 0.00001 0.04781 0.04419
0.08400 0.00332 0.00000 0.04781 0.04419
0.07800 0.00343 0.00000 0.04781 0.04419
0.07200 0.00358 0.00001 0.04781 0.04419
0.06600 0.00376 0.00001 0.04781 0.04419
0.06000 0.00399 0.00002 0.04781 0.04419
0.05400 0.00426 0.00003 0.04781 0.04419
0.04800 0.00459 0.00004 0.04781 0.04419
0.04200 0.00497 0.00005 0.04781 0.04419
0.03600 0.00541 0.00007 0.04781 0.04419
0.03000 0.00588 0.00008 0.04781 0.04419
0.02400 0.00645 0.00004 0.04781 0.04419
0.01800 0.00693 0.00005 0.04781 0.04419
0.01200 0.00735 0.00006 0.04781 0.04419
0.00600 0.00769 0.00006 0.04781 0.04419
0.00000 0.00793 0.00006 0.04781 0.04419
-0.00600 0.00804 0.00006 0.04781 0.04419
-0.01200 0.00805 0.00006 0.04781 0.04419
-0.01800 0.00795 0.00005 0.04781 0.04419
-0.02400 0.00777 0.00004 0.04781 0.04419
-0.03000 0.00756 0.00002 0.04781 0.04419
-0.03600 0.00729 0.00002 0.04781 0.04419
-0.04200 0.00700 0.00002 0.04781 0.04419
-0.04800 0.00670 0.00002 0.04781 0.04419
-0.05400 0.00640 0.00002 0.04781 0.04419
-0.06000 0.00610 0.00002 0.04781 0.04419
-0.06600 0.00580 0.00002 0.04781 0.04419
-0.07200 0.00551 0.00003 0.04781 0.04419
-0.07800 0.00522 0.00003 0.04781 0.04419
-0.08400 0.00489 0.00004 0.04781 0.04419
-0.09000 0.00462 0.00004 0.04781 0.04419
-0.09600 0.00435 0.00004 0.04781 0.04419
-0.10200 0.00408 0.00003 0.04781 0.04419
-0.10800 0.00382 0.00003 0.04781 0.04419
-0.11400 0.00355 0.00003 0.04781 0.04419
-0.12000 0.00329 0.00002 0.04781 0.04419
-0.12600 0.00302 0.00002 0.04781 0.04419
-0.13200 0.00275 0.00002 0.04781 0.04419
-0.13800 0.00245 0.00003 0.04781 0.04419
-0.14400 0.00219 0.00002 0.04781 0.04419
-0.15000 0.00193 0.00002 0.04781 0.04419
-0.15600 0.00169 0.00002 0.04781 0.04419
-0.16200 0.00147 0.00002 0.04781 0.04419
-0.16800 0.00128 0.00001 0.04781 0.04419
-0.17400 0.00112 0.00001 0.04781 0.04419
-0.18000 0.00098 0.00001 0.04781 0.04419
-0.18600 0.00086 0.00001 0.04781 0.04419
-0.19200 0.00077 0.00001 0.04781 0.04419
-0.19800 0.00069 0.00001 0.04781 0.04419
-0.20400 0.00062 0.00001 0.04781 0.04419
-0.21000 0.00055 0.00001 0.04781 0.04419
-0.21600 0.00050 0.00001 0.04781 0.04419
-0.22200 0.00045 0.00001 0.04781 0.04419
-0.22800 0.00040 0.00001 0.04781 0.04419
-0.23400 0.00036 0.00001 0.04781 0.04419
-0.24000 0.00031 0.00001 0.04781 0.04419
-0.24600 0.00028 0.00001 0.04781 0.04419
-0.25200 0.00025 0.00001 0.04781 0.04419
-0.25800 0.00022 0.00001 0.04781 0.04419
-0.26400 0.00019 0.00001 0.04781 0.04419
-0.27000 0.00017 0.00000 0.04781 0.04419
-0.27600 0.00016 0.00000 0.04781 0.04419
-0.28200 0.00015 0.00000 0.04781 0.04419
-0.28800 0.00015 0.00000 0.04781 0.04419
-0.29400 0.00015 0.00000 0.04781 0.04419
-0.30000 0.00014 0.00000 0.04781 0.04419
-0.30600 0.00014 0.00000 0.04781 0.04419
-0.31200 0.00013 0.00000 0.04781 0.04419
-0.31800 0.00013 0.00001 0.04781 0.04419
-0.32400 0.00012 0.00001 0.04781 0.04419
-0.33000 0.00011 0.00001 0.04781 0.04419
-0.33600 0.00009 0.00001 0.04781 0.04419
-0.34200 0.00008 0.00001 0.04781 0.04419
-0.34800 0.00007 0.00000 0.04781 0.04419
-0.35400 0.00006 0.00000 0.04781 0.04419
-0.36000 0.00006 0.00000 0.04781 0.04419
-0.36600 0.00006 0.00000 0.04781 0.04419
-0.37200 0.00005 0.00000 0.04781 0.04419
-0.37800 0.00005 0.00000 0.04781 0.04419
-0.38400 0.00005 0.00000 0.04781 0.04419
-0.39000 0.00005 0.00000 0.04781 0.04419
-0.39600 0.00004 0.00000 0.04781 0.04419
-0.40200 0.00003 0.00001 0.04781 0.04419
-0.40800 0.00003 0.00001 0.04781 0.04419
-0.41400 0.00003 0.00001 0.04781 0.04419
-0.42000 0.00002 0.00000 0.04781 0.04419
-0.42600 0.00002 0.00000 0.04781 0.04419
-0.43200 0.00001 0.00000 0.04781 0.04419
-0.43800 0.00001 0.00000 0.04781 0.04419
-0.44400 0.00000 0.00000 0.04781 0.04419
-0.45000 -0.00000 0.00000 0.04781 0.04419
-0.45600 -0.00000 0.00001 0.04781 0.04419
-0.46200 -0.00000 0.00001 0.04781 0.04419
-0.46800 -0.00000 0.00001 0.04781 0.04419
-0.47400 -0.00000 0.00001 0.04781 0.04419
-0.48000 0.00000 0.00001 0.04781 0.04419
-0.48600 0.00001 0.00000 0.04781 0.04419
-0.49200 0.00001 0.00000 0.04781 0.04419
-0.49800 0.00002 0.00000 0.04781 0.04419
-0.50400 0.00003 0.00000 0.04781 0.04419
-0.51000 0.00003 0.00001 0.04781 0.04419
-0.51600 0.00003 0.00001 0.04781 0.04419
-0.52200 0.00004 0.00001 0.04781 0.04419
-0.52800 0.00004 0.00001 0.04781 0.04419
-0.53400 0.00004 0.00001 0.04781 0.04419
-0.54000 0.00003 0.00001 0.04781 0.04419
-0.54600 0.00003 0.00001 0.04781 0.04419
-0.55200 0.00002 0.00001 0.04781 0.04419
-0.55800 0.00001 0.00000 0.04781 0.04419
-0.56400 0.00000 0.00000 0.04781 0.04419
-0.57000 -0.00000 0.00000 0.04781 0.04419
-0.57600 -0.00001 0.00000 0.04781 0.04419
-0.58200 -0.00001 0.00000 0.04781 0.04419
-0.58800 -0.00002 0.00000 0.04781 0.04419
-0.59400 -0.00002 0.00000 0.04781 0.04419
-0.60000 -0.00002 0.00000 0.04781 0.04419
-0.60600 -0.00001 0.00000 0.04781 0.04419
-0.61200 -0.00000 0.00000 0.04781 0.04419
-0.61800 0.00000 0.00000 0.04781 0.04419
-0.62400 0.00001 0.00000 0.04781 0.04419
-0.63000 0.00002 0.00000 0.04781 0.04419
-0.63600 0.00003 0.00000 0.04781 0.04419
-0.64200 0.00003 0.00000 0.04781 0.04419
-0.64800 0.00003 0.00000 0.04781 0.04419
-0.65400 0.00003 0.00000 0.04781 0.04419
-0.66000 0.00003 0.00000 0.04781 0.04419
-0.66600 0.00003 0.00000 0.04781 0.04419
-0.67200 0.00002 0.00000 0.04781 0.04419
-0.67800 0.00002 0.00000 0.04781 0.04419
-0.68400 0.00002 0.00000 0.04781 0.04419
-0.69000 0.00002 0.00000 0.04781 0.04419
-0.69600 0.00002 0.00000 0.04781 0.04419
-0.70200 0.00002 0.00000 0.04781 0.04419
-0.70800 0.00002 0.00000 0.04781 0.04419
-0.71400 0.00002 0.00000 0.04781 0.04419
-0.72000 0.00001 0.00000 0.04781 0.04419
-0.72600 0.00000 0.00000 0.04781 0.04419
-0.73200 -0.00000 0.00000 0.04781 0.04419
-0.73800 -0.00001 0.00000 0.04781 0.04419
-0.74400 -0.00001 0.00000 0.04781 0.04419
-0.75000 -0.00000 0.00000 0.04781 0.04419
-0.75600 0.00000 0.00000 0.04781 0.04419
-0.76200 0.00001 0.00000 0.04781 0.04419
-0.76800 0.00002 0.00000 0.04781 0.04419
-0.77400 0.00002 0.00000 0.04781 0.04419
-0.78000 0.00003 0.00000 0.04781 0.04419
-0.78600 0.00002 0.00000 0.04781 0.04419
-0.79200 0.00002 0.00000 0.04781 0.04419
-0.79800 0.00002 0.00000 0.04781 0.04419
-0.80400 0.00001 0.00000 0.04781 0.04419
-0.81000 0.00001 0.00000 0.04781 0.04419
-0.81600 0.00001 0.00000 0.04781 0.04419
-0.82200 0.00001 0.00000 0.04781 0.04419
-0.82800 0.00002 0.00000 0.04781 0.04419
-0.83400 0.00002 0.00000 0.04781 0.04419
-0.84000 0.00002 0.00000 0.04781 0.04419
-0.84600 0.00002 0.00000 0.04781 0.04419
-0.85200 0.00002 0.00000 0.04781 0.04419
-0.85800 0.00002 0.00000 0.04781 0.04419
-0.86400 0.00002 0.00000 0.04781 0.04419
-0.87000 0.00002 0.00000 0.04781 0.04419
-0.87600 0.00002 0.00000 0.04781 0.04419
-0.88200 0.00001 0.00000 0.04781 0.04419
-0.88800 0.00001 0.00000 0.04781 0.04419
-0.89400 0.00001 0.00000 0.04781 0.04419
-0.90000 0.00001 0.00000 0.04781 0.04419
-0.90600 0.00001 0.00001 0.04781 0.04419
-0.91200 0.00001 0.00001 0.04781 0.04419
-0.91800 0.00001 0.00001 0.04781 0.04419
-0.92400 0.00001 0.00001 0.04781 0.04419
-0.93000 0.00001 0.00000 0.04781 0.04419
-0.93600 0.00001 0.00000 0.04781 0.04419
-0.94200 0.00000 0.00000 0.04781 0.04419
-0.94800 0.00000 0.00000 0.04781 0.04419
-0.95400 -0.00000 0.00000 0.04781 0.04419
-0.96000 -0.00000 0.00000 0.04781 0.04419
-0.96600 -0.00000 0.00000 0.04781 0.04419
-0.97200 0.00000 0.00000 0.04781 0.04419
-0.97800 0.00000 0.00000 0.04781 0.04419
-0.98400 0.00000 0.00000 0.04781 0.04419
-0.99000 0.00000 0.00000 0.04781 0.04419
-0.99600 0.00000 0.00000 0.04781 0.04419
-1.00200 -0.00000 0.00000 0.04781 0.04419
