1.00000 -0.00004 0.00001 0.11425 0.06940
0.99000 0.00005 0.00001 0.11425 0.06940
0.98000 0.00011 0.00001 0.11425 0.06940
0.97000 0.00014 0.00000 0.11425 0.06940
0.96000 0.00014 0.00001 0.11425 0.06940
0.95000 0.00012 0.00002 0.11425 0.06940
0.94000 0.00008 0.00003 0.11425 0.06940
0.93000 0.00004 0.00003 0.11425 0.06940
0.92000 -0.00001 0.00002 0.11425 0.06940
0.91000 -0.00005 0.00002 0.11425 0.06940
0.90000 -0.00010 0.00003 0.11425 0.06940
0.89000 -0.00014 0.00002 0.11425 0.06940
0.88000 -0.00017 0.00002 0.11425 0.06940
0.87000 -0.00018 0.00001 0.11425 0.06940
0.86000 -0.00017 0.00000 0.11425 0.06940
0.85000 -0.00014 0.00001 0.11425 0.06940
0.84000 -0.00008 0.00002 0.11425 0.06940
0.83000 0.00001 0.00003 0.11425 0.06940
0.82000 0.00008 0.00003 0.11425 0.06940
0.81000 0.00016 0.00003 0.11425 0.06940
0.80000 0.00022 0.00003 0.11425 0.06940
0.79000 0.00027 0.00003 0.11425 0.06940
0.78000 0.00032 0.00003 0.11425 0.06940
0.77000 0.00034 0.00002 0.11425 0.06940
0.76000 0.00035 0.00002 0.11425 0.06940
0.75000 0.00031 0.00002 0.11425 0.06940
0.74000 0.00028 0.00002 0.11425 0.06940
0.73000 0.00022 0.00002 0.11425 0.06940
0.72000 0.00014 0.00002 0.11425 0.06940
0.71000 0.00008 0.00001 0.11425 0.06940
0.70000 0.00002 0.00001 0.11425 0.06940
0.69000 0.00000 0.00002 0.11425 0.06940
0.68000 0.00001 0.00003 0.11425 0.06940
0.67000 0.00005 0.00004 0.11425 0.06940
0.66000 0.00010 0.00003 0.11425 0.06940
0.65000 0.00015 0.00002 0.11425 0.06940
0.64000 0.00019 0.00002 0.11425 0.06940
0.63000 0.00022 0.00001 0.11425 0.06940
0.62000 0.00024 0.00001 0.11425 0.06940
0.61000 0.00024 0.00001 0.11425 0.06940
0.60000 0.00023 0.00001 0.11425 0.06940
0.59000 0.00022 0.00002 0.11425 0.06940
0.58000 0.00020 0.00002 0.11425 0.06940
0.57000 0.00014 0.00003 0.11425 0.06940
0.56000 0.00011 0.00003 0.11425 0.06940
0.55000 0.00010 0.00003 0.11425 0.06940
0.54000 0.00011 0.00003 0.11425 0.06940
0.53000 0.00015 0.00002 0.11425 0.06940
0.52000 0.00023 0.00002 0.11425 0.06940
0.51000 0.00034 0.00001 0.11425 0.06940
0.50000 0.00046 0.00001 0.11425 0.06940
0.49000 0.00057 0.00001 0.11425 0.06940
0.48000 0.00066 0.00002 0.11425 0.06940
0.47000 0.00074 0.00001 0.11425 0.06940
0.46000 0.00082 0.00001 0.11425 0.06940
0.45000 0.00088 0.00001 0.11425 0.06940
0.44000 0.00096 0.00001 0.11425 0.06940
0.43000 0.00104 0.00001 0.11425 0.06940
0.42000 0.00115 0.00001 0.11425 0.06940
0.41000 0.00126 0.00001 0.11425 0.06940
0.40000 0.00141 0.00001 0.11425 0.06940
0.39000 0.00158 0.00002 0.11425 0.06940
0.38000 0.00185 0.00002 0.11425 0.06940
0.37000 0.00224 0.00003 0.11425 0.06940
0.36000 0.00280 0.00003 0.11425 0.06940
0.35000 0.00354 0.00004 0.11425 0.06940
0.34000 0.00448 0.00005 0.11425 0.06940
0.33000 0.00559 0.00006 0.11425 0.06940
0.32000 0.00684 0.00006 0.11425 0.06940
0.31000 0.00817 0.00006 0.11425 0.06940
0.30000 0.00950 0.00009 0.11425 0.06940
0.29000 0.01102 0.00008 0.11425 0.06940
0.28000 0.01269 0.00007 0.11425 0.06940
0.27000 0.01456 0.00005 0.11425 0.06940
0.26000 0.01668 0.00003 0.11425 0.06940
0.25000 0.01909 0.00002 0.11425 0.06940
0.24000 0.02178 0.00005 0.11425 0.06940
0.23000 0.02470 0.00012 0.11425 0.06940
0.22000 0.02799 0.00011 0.11425 0.06940
0.21000 0.03131 0.00020 0.11425 0.06940
0.20000 0.03465 0.00031 0.11425 0.06940
0.19000 0.03795 0.00044 0.11425 0.06940
0.18000 0.04113 0.00057 0.11425 0.06940
0.17000 0.04419 0.00071 0.11425 0.06940
0.16000 0.04714 0.00086 0.11425 0.06940
0.15000 0.04999 0.00101 0.11425 0.06940
0.14000 0.05281 0.00118 0.11425 0.06940
0.13000 0.05722 0.00121 0.11425 0.06940
0.12000 0.06038 0.00141 0.11425 0.06940
0.11000 0.06368 0.00164 0.11425 0.06940
0.10000 0.06708 0.00188 0.11425 0.06940
0.09000 0.07054 0.00214 0.11425 0.06940
0.08000 0.07398 0.00239 0.11425 0.06940
0.07000 0.07733 0.00264 0.11425 0.06940
0.06000 0.08051 0.00288 0.11425 0.06940
0.05000 0.08340 0.00309 0.11425 0.06940
0.04000 0.08948 0.00276 0.11425 0.06940
0.03000 0.09131 0.00286 0.11425 0.06940
0.02000 0.09211 0.00291 0.11425 0.06940
0.01000 0.09174 0.00292 0.11425 0.06940
0.00000 0.09025 0.00287 0.11425 0.06940
-0.01000 0.08784 0.00277 0.11425 0.06940
-0.02000 0.08481 0.00262 0.11425 0.06940
-0.03000 0.08145 0.00244 0.11425 0.06940
-0.04000 0.07798 0.00224 0.11425 0.06940
-0.05000 0.07681 0.00170 0.11425 0.06940
-0.06000 0.07325 0.00153 0.11425 0.06940
-0.07000 0.06983 0.00135 0.11425 0.06940
-0.08000 0.06658 0.00118 0.11425 0.06940
-0.09000 0.06348 0.00100 0.11425 0.06940
-0.10000 0.06053 0.00083 0.11425 0.06940
-0.11000 0.05769 0.00066 0.11425 0.06940
-0.12000 0.05492 0.00050 0.11425 0.06940
-0.13000 0.05220 0.00035 0.11425 0.06940
-0.14000 0.04960 0.00007 0.11425 0.06940
-0.15000 0.04670 0.00012 0.11425 0.06940
-0.16000 0.04373 0.00022 0.11425 0.06940
-0.17000 0.04066 0.00032 0.11425 0.06940
-0.18000 0.03745 0.00040 0.11425 0.06940
-0.19000 0.03408 0.00046 0.11425 0.06940
-0.20000 0.03054 0.00050 0.11425 0.06940
-0.21000 0.02688 0.00051 0.11425 0.06940
-0.22000 0.02317 0.00048 0.11425 0.06940
-0.23000 0.01893 0.00053 0.11425 0.06940
-0.24000 0.01556 0.00044 0.11425 0.06940
-0.25000 0.01249 0.00035 0.11425 0.06940
-0.26000 0.00981 0.00026 0.11425 0.06940
-0.27000 0.00754 0.00018 0.11425 0.06940
-0.28000 0.00571 0.00012 0.11425 0.06940
-0.29000 0.00428 0.00008 0.11425 0.06940
-0.30000 0.00321 0.00006 0.11425 0.06940
-0.31000 0.00238 0.00005 0.11425 0.06940
-0.32000 0.00186 0.00004 0.11425 0.06940
-0.33000 0.00150 0.00003 0.11425 0.06940
-0.34000 0.00127 0.00003 0.11425 0.06940
-0.35000 0.00111 0.00002 0.11425 0.06940
-0.36000 0.00099 0.00001 0.11425 0.06940
-0.37000 0.00089 0.00001 0.11425 0.06940
-0.38000 0.00079 0.00001 0.11425 0.06940
-0.39000 0.00068 0.00001 0.11425 0.06940
-0.40000 0.00055 0.00002 0.11425 0.06940
-0.41000 0.00042 0.00002 0.11425 0.06940
-0.42000 0.00031 0.00002 0.11425 0.06940
-0.43000 0.00022 0.00002 0.11425 0.06940
-0.44000 0.00017 0.00002 0.11425 0.06940
-0.45000 0.00014 0.00001 0.11425 0.06940
-0.46000 0.00014 0.00001 0.11425 0.06940
-0.47000 0.00015 0.00001 0.11425 0.06940
-0.48000 0.00015 0.00002 0.11425 0.06940
-0.49000 0.00017 0.00002 0.11425 0.06940
-0.50000 0.00015 0.00003 0.11425 0.06940
-0.51000 0.00014 0.00004 0.11425 0.06940
-0.52000 0.00014 0.00004 0.11425 0.06940
-0.53000 0.00016 0.00004 0.11425 0.06940
-0.54000 0.00019 0.00004 0.11425 0.06940
-0.55000 0.00023 0.00003 0.11425 0.06940
-0.56000 0.00026 0.00002 0.11425 0.06940
-0.57000 0.00027 0.00000 0.11425 0.06940
-0.58000 0.00023 0.00001 0.11425 0.06940
-0.59000 0.00017 0.00001 0.11425 0.06940
-0.60000 0.00011 0.00001 0.11425 0.06940
-0.61000 0.00008 0.00002 0.11425 0.06940
-0.62000 0.00005 0.00001 0.11425 0.06940
-0.63000 0.00004 0.00000 0.11425 0.06940
-0.64000 0.00006 0.00001 0.11425 0.06940
-0.65000 0.00008 0.00001 0.11425 0.06940
-0.66000 0.00010 0.00000 0.11425 0.06940
-0.67000 0.00011 0.00001 0.11425 0.06940
-0.68000 0.00008 0.00002 0.11425 0.06940
-0.69000 0.00004 0.00003 0.11425 0.06940
-0.70000 -0.00000 0.00003 0.11425 0.06940
-0.71000 -0.00004 0.00002 0.11425 0.06940
-0.72000 -0.00006 0.00001 0.11425 0.06940
-0.73000 -0.00007 0.00001 0.11425 0.06940
-0.74000 -0.00008 0.00001 0.11425 0.06940
-0.75000 -0.00008 0.00001 0.11425 0.06940
-0.76000 -0.00011 0.00001 0.11425 0.06940
-0.77000 -0.00011 0.00000 0.11425 0.06940
-0.78000 -0.00012 0.00001 0.11425 0.06940
-0.79000 -0.00013 0.00003 0.11425 0.06940
-0.80000 -0.00013 0.00004 0.11425 0.06940
-0.81000 -0.00013 0.00004 0.11425 0.06940
-0.82000 -0.00013 0.00005 0.11425 0.06940
-0.83000 -0.00013 0.00004 0.11425 0.06940
-0.84000 -0.00010 0.00005 0.11425 0.06940
-0.85000 -0.00013 0.00004 0.11425 0.06940
-0.86000 -0.00018 0.00004 0.11425 0.06940
-0.87000 -0.00024 0.00003 0.11425 0.06940
-0.88000 -0.00030 0.00002 0.11425 0.06940
-0.89000 -0.00035 0.00001 0.11425 0.06940
-0.90000 -0.00039 0.00001 0.11425 0.06940
-0.91000 -0.00042 0.00002 0.11425 0.06940
-0.92000 -0.00043 0.00003 0.11425 0.06940
-0.93000 -0.00044 0.00002 0.11425 0.06940
-0.94000 -0.00042 0.00002 0.11425 0.06940
-0.95000 -0.00040 0.00001 0.11425 0.06940
-0.96000 -0.00038 0.00000 0.11425 0.06940
-0.97000 -0.00036 0.00001 0.11425 0.06940
-0.98000 -0.00033 0.00001 0.11425 0.06940
-0.99000 -0.00030 0.00000 0.11425 0.06940
-1.00000 -0.00026 0.00000 0.11425 0.06940
