1.00000 nan 8.00261 0.11425 0.06940
0.99000 nan -7.17363 0.11425 0.06940
0.98000 nan -7.30055 0.11425 0.06940
0.97000 nan -117.29358 0.11425 0.06940
0.96000 nan -5.55453 0.11425 0.06940
0.95000 nan -3.91788 0.11425 0.06940
0.94000 nan -2.49987 0.11425 0.06940
0.93000 nan -2.18207 0.11425 0.06940
0.92000 nan -2.37124 0.11425 0.06940
0.91000 nan -2.69874 0.11425 0.06940
0.90000 nan -3.26539 0.11425 0.06940
0.89000 nan -4.00209 0.11425 0.06940
0.88000 nan -4.59601 0.11425 0.06940
0.87000 nan -4.63786 0.11425 0.06940
0.86000 nan -4.40308 0.11425 0.06940
0.85000 nan -4.33659 0.11425 0.06940
0.84000 nan -4.57240 0.11425 0.06940
0.83000 nan -3.95682 0.11425 0.06940
0.82000 nan -4.36190 0.11425 0.06940
0.81000 nan -5.14017 0.11425 0.06940
0.80000 nan -6.47461 0.11425 0.06940
0.79000 nan -8.65154 0.11425 0.06940
0.78000 nan -12.44129 0.11425 0.06940
0.77000 nan -21.50520 0.11425 0.06940
0.76000 nan 123.53291 0.11425 0.06940
0.75000 nan -53.97669 0.11425 0.06940
0.74000 nan -19.30732 0.11425 0.06940
0.73000 nan 11.66737 0.11425 0.06940
0.72000 nan 5.45207 0.11425 0.06940
0.71000 nan 3.98139 0.11425 0.06940
0.70000 nan 3.58855 0.11425 0.06940
0.69000 nan 3.88418 0.11425 0.06940
0.68000 nan 7.45161 0.11425 0.06940
0.67000 nan 7.12199 0.11425 0.06940
0.66000 nan 27.62135 0.11425 0.06940
0.65000 nan -1.76983 0.11425 0.06940
0.64000 nan 7.96892 0.11425 0.06940
0.63000 nan 5.82947 0.11425 0.06940
0.62000 nan -12.31868 0.11425 0.06940
0.61000 nan 13.52527 0.11425 0.06940
0.60000 nan 12.54781 0.11425 0.06940
0.59000 nan 5.88598 0.11425 0.06940
0.58000 nan 4.44965 0.11425 0.06940
0.57000 nan 2.68966 0.11425 0.06940
0.56000 nan 3.30228 0.11425 0.06940
0.55000 nan 5.18639 0.11425 0.06940
0.54000 nan 56.09585 0.11425 0.06940
0.53000 nan 9.74472 0.11425 0.06940
0.52000 nan 3.37706 0.11425 0.06940
0.51000 nan 2.25880 0.11425 0.06940
0.50000 nan 1.78742 0.11425 0.06940
0.49000 nan 1.54431 0.11425 0.06940
0.48000 nan 1.63026 0.11425 0.06940
0.47000 nan 1.51130 0.11425 0.06940
0.46000 nan 1.43230 0.11425 0.06940
0.45000 nan 1.36724 0.11425 0.06940
0.44000 nan 1.28325 0.11425 0.06940
0.43000 nan 1.13668 0.11425 0.06940
0.42000 nan 0.92026 0.11425 0.06940
0.41000 nan 0.69089 0.11425 0.06940
0.40000 nan 0.49886 0.11425 0.06940
0.39000 nan 0.31222 0.11425 0.06940
0.38000 nan 0.22500 0.11425 0.06940
0.37000 nan 0.16355 0.11425 0.06940
0.36000 nan 0.12067 0.11425 0.06940
0.35000 nan 0.09065 0.11425 0.06940
0.34000 2.54214 0.06941 0.11425 0.06940
0.33000 2.54135 0.05417 0.11425 0.06940
0.32000 2.53422 0.04306 0.11425 0.06940
0.31000 2.52168 0.03484 0.11425 0.06940
0.30000 2.51997 0.02760 0.11425 0.06940
0.29000 2.49598 0.02311 0.11425 0.06940
0.28000 2.46746 0.01962 0.11425 0.06940
0.27000 2.43447 0.01687 0.11425 0.06940
0.26000 2.39706 0.01468 0.11425 0.06940
0.25000 2.35555 0.01292 0.11425 0.06940
0.24000 2.31038 0.01149 0.11425 0.06940
0.23000 2.26222 0.01033 0.11425 0.06940
0.22000 2.20849 0.00923 0.11425 0.06940
0.21000 2.15559 0.00848 0.11425 0.06940
0.20000 2.10319 0.00787 0.11425 0.06940
0.19000 2.05218 0.00737 0.11425 0.06940
0.18000 2.00345 0.00696 0.11425 0.06940
0.17000 1.95752 0.00662 0.11425 0.06940
0.16000 1.91475 0.00634 0.11425 0.06940
0.15000 1.87532 0.00610 0.11425 0.06940
0.14000 1.83926 0.00589 0.11425 0.06940
0.13000 1.80143 0.00569 0.11425 0.06940
0.12000 1.77273 0.00550 0.11425 0.06940
0.11000 1.74732 0.00529 0.11425 0.06940
0.10000 1.72514 0.00508 0.11425 0.06940
0.09000 1.70628 0.00484 0.11425 0.06940
0.08000 1.69097 0.00459 0.11425 0.06940
0.07000 1.67948 0.00434 0.11425 0.06940
0.06000 1.67214 0.00408 0.11425 0.06940
0.05000 1.66924 0.00383 0.11425 0.06940
0.04000 1.67565 0.00353 0.11425 0.06940
0.03000 1.68336 0.00332 0.11425 0.06940
0.02000 1.69591 0.00313 0.11425 0.06940
0.01000 1.71317 0.00298 0.11425 0.06940
0.00000 1.73488 0.00286 0.11425 0.06940
-0.01000 1.76068 0.00278 0.11425 0.06940
-0.02000 1.79012 0.00272 0.11425 0.06940
-0.03000 1.82271 0.00270 0.11425 0.06940
-0.04000 1.85790 0.00270 0.11425 0.06940
-0.05000 1.91027 0.00271 0.11425 0.06940
-0.06000 1.94876 0.00278 0.11425 0.06940
-0.07000 1.98834 0.00289 0.11425 0.06940
-0.08000 2.02893 0.00303 0.11425 0.06940
-0.09000 2.07028 0.00321 0.11425 0.06940
-0.10000 2.11247 0.00343 0.11425 0.06940
-0.11000 2.15560 0.00371 0.11425 0.06940
-0.12000 2.19981 0.00405 0.11425 0.06940
-0.13000 2.24525 0.00447 0.11425 0.06940
-0.14000 2.30411 0.00503 0.11425 0.06940
-0.15000 2.35131 0.00566 0.11425 0.06940
-0.16000 2.39947 0.00644 0.11425 0.06940
-0.17000 2.44833 0.00740 0.11425 0.06940
-0.18000 2.49758 0.00858 0.11425 0.06940
-0.19000 2.54726 0.01004 0.11425 0.06940
-0.20000 2.59751 0.01183 0.11425 0.06940
-0.21000 2.64913 0.01404 0.11425 0.06940
-0.22000 2.70319 0.01675 0.11425 0.06940
-0.23000 2.78983 0.02058 0.11425 0.06940
-0.24000 2.85691 0.02481 0.11425 0.06940
-0.25000 2.92954 0.03003 0.11425 0.06940
-0.26000 3.00694 0.03644 0.11425 0.06940
-0.27000 3.08730 0.04427 0.11425 0.06940
-0.28000 3.16790 0.05374 0.11425 0.06940
-0.29000 3.24527 0.06499 0.11425 0.06940
-0.30000 3.31654 0.07808 0.11425 0.06940
-0.31000 nan 0.09765 0.11425 0.06940
-0.32000 nan 0.11523 0.11425 0.06940
-0.33000 nan 0.13486 0.11425 0.06940
-0.34000 nan 0.15709 0.11425 0.06940
-0.35000 nan 0.18295 0.11425 0.06940
-0.36000 nan 0.21422 0.11425 0.06940
-0.37000 nan 0.25367 0.11425 0.06940
-0.38000 nan 0.30569 0.11425 0.06940
-0.39000 nan 0.37773 0.11425 0.06940
-0.40000 nan 0.64642 0.11425 0.06940
-0.41000 nan 0.95785 0.11425 0.06940
-0.42000 nan 1.71769 0.11425 0.06940
-0.43000 nan 10.67998 0.11425 0.06940
-0.44000 nan 5.92031 0.11425 0.06940
-0.45000 nan 7.79596 0.11425 0.06940
-0.46000 nan 3.69928 0.11425 0.06940
-0.47000 nan 2.30463 0.11425 0.06940
-0.48000 nan 1.90902 0.11425 0.06940
-0.49000 nan 2.02371 0.11425 0.06940
-0.50000 nan 2.16282 0.11425 0.06940
-0.51000 nan 2.27496 0.11425 0.06940
-0.52000 nan 2.25637 0.11425 0.06940
-0.53000 nan 2.09933 0.11425 0.06940
-0.54000 nan 1.89788 0.11425 0.06940
-0.55000 nan 1.74166 0.11425 0.06940
-0.56000 nan 1.67281 0.11425 0.06940
-0.57000 nan 1.72176 0.11425 0.06940
-0.58000 nan 2.23793 0.11425 0.06940
-0.59000 nan 3.02428 0.11425 0.06940
-0.60000 nan 6.61069 0.11425 0.06940
-0.61000 nan 2116.27206 0.11425 0.06940
-0.62000 nan 6.29912 0.11425 0.06940
-0.63000 nan 2.48509 0.11425 0.06940
-0.64000 nan 2.15196 0.11425 0.06940
-0.65000 nan 4.65273 0.11425 0.06940
-0.66000 nan -4.77425 0.11425 0.06940
-0.67000 nan -1.75662 0.11425 0.06940
-0.68000 nan 4.61022 0.11425 0.06940
-0.69000 nan -6.07729 0.11425 0.06940
-0.70000 nan -5.13699 0.11425 0.06940
-0.71000 nan -7.04750 0.11425 0.06940
-0.72000 nan -17.05521 0.11425 0.06940
-0.73000 nan 68.75713 0.11425 0.06940
-0.74000 nan 14.01971 0.11425 0.06940
-0.75000 nan 20.97474 0.11425 0.06940
-0.76000 nan 21.50682 0.11425 0.06940
-0.77000 nan 77.07447 0.11425 0.06940
-0.78000 nan 12.74497 0.11425 0.06940
-0.79000 nan 650.15502 0.11425 0.06940
-0.80000 nan 6.96744 0.11425 0.06940
-0.81000 nan 4.69842 0.11425 0.06940
-0.82000 nan 3.50145 0.11425 0.06940
-0.83000 nan 2.82542 0.11425 0.06940
-0.84000 nan 2.24319 0.11425 0.06940
-0.85000 nan 2.22717 0.11425 0.06940
-0.86000 nan 2.40347 0.11425 0.06940
-0.87000 nan 2.87014 0.11425 0.06940
-0.88000 nan 4.00953 0.11425 0.06940
-0.89000 nan 8.25669 0.11425 0.06940
-0.90000 nan -16.30688 0.11425 0.06940
-0.91000 nan -9.27143 0.11425 0.06940
-0.92000 nan -5.66344 0.11425 0.06940
-0.93000 nan -6.04647 0.11425 0.06940
-0.94000 nan -6.71533 0.11425 0.06940
-0.95000 nan -116.10163 0.11425 0.06940
-0.96000 nan -121.42408 0.11425 0.06940
-0.97000 nan 8.12211 0.11425 0.06940
-0.98000 nan 82.10943 0.11425 0.06940
-0.99000 nan 8.18290 0.11425 0.06940
-1.00000 nan 6.73737 0.11425 0.06940
