1.00000 0.00003 0.00000 0.11425 0.06940
0.99000 -0.00004 0.00000 0.11425 0.06940
0.98000 -0.00010 0.00000 0.11425 0.06940
0.97000 -0.00015 0.00001 0.11425 0.06940
0.96000 -0.00018 0.00001 0.11425 0.06940
0.95000 -0.00019 0.00002 0.11425 0.06940
0.94000 -0.00019 0.00002 0.11425 0.06940
0.93000 -0.00017 0.00002 0.11425 0.06940
0.92000 -0.00012 0.00001 0.11425 0.06940
0.91000 -0.00010 0.00002 0.11425 0.06940
0.90000 -0.00009 0.00003 0.11425 0.06940
0.89000 -0.00008 0.00004 0.11425 0.06940
0.88000 -0.00008 0.00004 0.11425 0.06940
0.87000 -0.00008 0.00005 0.11425 0.06940
0.86000 -0.00009 0.00005 0.11425 0.06940
0.85000 -0.00009 0.00004 0.11425 0.06940
0.84000 -0.00008 0.00004 0.11425 0.06940
0.83000 -0.00011 0.00004 0.11425 0.06940
0.82000 -0.00009 0.00003 0.11425 0.06940
0.81000 -0.00007 0.00003 0.11425 0.06940
0.80000 -0.00005 0.00002 0.11425 0.06940
0.79000 -0.00004 0.00002 0.11425 0.06940
0.78000 -0.00003 0.00002 0.11425 0.06940
0.77000 -0.00003 0.00002 0.11425 0.06940
0.76000 -0.00002 0.00002 0.11425 0.06940
0.75000 -0.00002 0.00001 0.11425 0.06940
0.74000 0.00000 0.00001 0.11425 0.06940
0.73000 0.00002 0.00001 0.11425 0.06940
0.72000 0.00004 0.00001 0.11425 0.06940
0.71000 0.00006 0.00000 0.11425 0.06940
0.70000 0.00007 0.00000 0.11425 0.06940
0.69000 0.00007 0.00001 0.11425 0.06940
0.68000 0.00006 0.00001 0.11425 0.06940
0.67000 0.00004 0.00001 0.11425 0.06940
0.66000 0.00003 0.00002 0.11425 0.06940
0.65000 0.00002 0.00002 0.11425 0.06940
0.64000 0.00001 0.00003 0.11425 0.06940
0.63000 0.00002 0.00003 0.11425 0.06940
0.62000 0.00003 0.00003 0.11425 0.06940
0.61000 0.00005 0.00004 0.11425 0.06940
0.60000 0.00006 0.00005 0.11425 0.06940
0.59000 0.00008 0.00005 0.11425 0.06940
0.58000 0.00009 0.00005 0.11425 0.06940
0.57000 0.00017 0.00006 0.11425 0.06940
0.56000 0.00017 0.00006 0.11425 0.06940
0.55000 0.00017 0.00006 0.11425 0.06940
0.54000 0.00017 0.00005 0.11425 0.06940
0.53000 0.00018 0.00005 0.11425 0.06940
0.52000 0.00019 0.00004 0.11425 0.06940
0.51000 0.00021 0.00003 0.11425 0.06940
0.50000 0.00023 0.00002 0.11425 0.06940
0.49000 0.00026 0.00001 0.11425 0.06940
0.48000 0.00029 0.00000 0.11425 0.06940
0.47000 0.00031 0.00001 0.11425 0.06940
0.46000 0.00032 0.00002 0.11425 0.06940
0.45000 0.00034 0.00002 0.11425 0.06940
0.44000 0.00035 0.00002 0.11425 0.06940
0.43000 0.00038 0.00002 0.11425 0.06940
0.42000 0.00043 0.00001 0.11425 0.06940
0.41000 0.00052 0.00000 0.11425 0.06940
0.40000 0.00067 0.00002 0.11425 0.06940
0.39000 0.00097 0.00006 0.11425 0.06940
0.38000 0.00135 0.00009 0.11425 0.06940
0.37000 0.00187 0.00012 0.11425 0.06940
0.36000 0.00255 0.00016 0.11425 0.06940
0.35000 0.00341 0.00020 0.11425 0.06940
0.34000 0.00446 0.00024 0.11425 0.06940
0.33000 0.00571 0.00028 0.11425 0.06940
0.32000 0.00716 0.00032 0.11425 0.06940
0.31000 0.00881 0.00036 0.11425 0.06940
0.30000 0.01111 0.00036 0.11425 0.06940
0.29000 0.01316 0.00038 0.11425 0.06940
0.28000 0.01536 0.00040 0.11425 0.06940
0.27000 0.01768 0.00042 0.11425 0.06940
0.26000 0.02010 0.00043 0.11425 0.06940
0.25000 0.02257 0.00044 0.11425 0.06940
0.24000 0.02507 0.00043 0.11425 0.06940
0.23000 0.02756 0.00042 0.11425 0.06940
0.22000 0.03042 0.00030 0.11425 0.06940
0.21000 0.03272 0.00027 0.11425 0.06940
0.20000 0.03488 0.00024 0.11425 0.06940
0.19000 0.03688 0.00020 0.11425 0.06940
0.18000 0.03870 0.00016 0.11425 0.06940
0.17000 0.04034 0.00012 0.11425 0.06940
0.16000 0.04182 0.00009 0.11425 0.06940
0.15000 0.04317 0.00008 0.11425 0.06940
0.14000 0.04445 0.00007 0.11425 0.06940
0.13000 0.04578 0.00003 0.11425 0.06940
0.12000 0.04720 0.00004 0.11425 0.06940
0.11000 0.04885 0.00010 0.11425 0.06940
0.10000 0.05080 0.00020 0.11425 0.06940
0.09000 0.05313 0.00033 0.11425 0.06940
0.08000 0.05591 0.00049 0.11425 0.06940
0.07000 0.05915 0.00069 0.11425 0.06940
0.06000 0.06283 0.00091 0.11425 0.06940
0.05000 0.06688 0.00115 0.11425 0.06940
0.04000 0.07267 0.00103 0.11425 0.06940
0.03000 0.07738 0.00121 0.11425 0.06940
0.02000 0.08200 0.00138 0.11425 0.06940
0.01000 0.08634 0.00152 0.11425 0.06940
0.00000 0.09017 0.00162 0.11425 0.06940
-0.01000 0.09331 0.00168 0.11425 0.06940
-0.02000 0.09560 0.00168 0.11425 0.06940
-0.03000 0.09692 0.00163 0.11425 0.06940
-0.04000 0.09722 0.00155 0.11425 0.06940
-0.05000 0.09767 0.00061 0.11425 0.06940
-0.06000 0.09578 0.00052 0.11425 0.06940
-0.07000 0.09295 0.00042 0.11425 0.06940
-0.08000 0.08931 0.00033 0.11425 0.06940
-0.09000 0.08497 0.00025 0.11425 0.06940
-0.10000 0.08008 0.00019 0.11425 0.06940
-0.11000 0.07476 0.00014 0.11425 0.06940
-0.12000 0.06915 0.00013 0.11425 0.06940
-0.13000 0.06337 0.00013 0.11425 0.06940
-0.14000 0.05720 0.00046 0.11425 0.06940
-0.15000 0.05142 0.00044 0.11425 0.06940
-0.16000 0.04581 0.00041 0.11425 0.06940
-0.17000 0.04045 0.00038 0.11425 0.06940
-0.18000 0.03542 0.00034 0.11425 0.06940
-0.19000 0.03078 0.00029 0.11425 0.06940
-0.20000 0.02656 0.00024 0.11425 0.06940
-0.21000 0.02280 0.00019 0.11425 0.06940
-0.22000 0.01950 0.00015 0.11425 0.06940
-0.23000 0.01643 0.00022 0.11425 0.06940
-0.24000 0.01402 0.00018 0.11425 0.06940
-0.25000 0.01196 0.00015 0.11425 0.06940
-0.26000 0.01022 0.00013 0.11425 0.06940
-0.27000 0.00875 0.00012 0.11425 0.06940
-0.28000 0.00752 0.00011 0.11425 0.06940
-0.29000 0.00648 0.00010 0.11425 0.06940
-0.30000 0.00561 0.00010 0.11425 0.06940
-0.31000 0.00476 0.00012 0.11425 0.06940
-0.32000 0.00417 0.00011 0.11425 0.06940
-0.33000 0.00367 0.00011 0.11425 0.06940
-0.34000 0.00326 0.00010 0.11425 0.06940
-0.35000 0.00291 0.00009 0.11425 0.06940
-0.36000 0.00261 0.00008 0.11425 0.06940
-0.37000 0.00235 0.00007 0.11425 0.06940
-0.38000 0.00211 0.00005 0.11425 0.06940
-0.39000 0.00190 0.00004 0.11425 0.06940
-0.40000 0.00168 0.00002 0.11425 0.06940
-0.41000 0.00152 0.00001 0.11425 0.06940
-0.42000 0.00138 0.00000 0.11425 0.06940
-0.43000 0.00126 0.00001 0.11425 0.06940
-0.44000 0.00115 0.00001 0.11425 0.06940
-0.45000 0.00105 0.00002 0.11425 0.06940
-0.46000 0.00096 0.00002 0.11425 0.06940
-0.47000 0.00087 0.00002 0.11425 0.06940
-0.48000 0.00080 0.00003 0.11425 0.06940
-0.49000 0.00077 0.00003 0.11425 0.06940
-0.50000 0.00073 0.00004 0.11425 0.06940
-0.51000 0.00070 0.00005 0.11425 0.06940
-0.52000 0.00069 0.00006 0.11425 0.06940
-0.53000 0.00069 0.00007 0.11425 0.06940
-0.54000 0.00069 0.00007 0.11425 0.06940
-0.55000 0.00070 0.00007 0.11425 0.06940
-0.56000 0.00070 0.00007 0.11425 0.06940
-0.57000 0.00068 0.00007 0.11425 0.06940
-0.58000 0.00071 0.00004 0.11425 0.06940
-0.59000 0.00065 0.00004 0.11425 0.06940
-0.60000 0.00057 0.00004 0.11425 0.06940
-0.61000 0.00051 0.00008 0.11425 0.06940
-0.62000 0.00041 0.00008 0.11425 0.06940
-0.63000 0.00029 0.00008 0.11425 0.06940
-0.64000 0.00019 0.00008 0.11425 0.06940
-0.65000 0.00009 0.00007 0.11425 0.06940
-0.66000 0.00001 0.00005 0.11425 0.06940
-0.67000 -0.00002 0.00006 0.11425 0.06940
-0.68000 -0.00005 0.00004 0.11425 0.06940
-0.69000 -0.00006 0.00003 0.11425 0.06940
-0.70000 -0.00006 0.00002 0.11425 0.06940
-0.71000 -0.00004 0.00001 0.11425 0.06940
-0.72000 -0.00002 0.00000 0.11425 0.06940
-0.73000 0.00000 0.00000 0.11425 0.06940
-0.74000 0.00002 0.00000 0.11425 0.06940
-0.75000 0.00003 0.00000 0.11425 0.06940
-0.76000 0.00003 0.00001 0.11425 0.06940
-0.77000 0.00003 0.00001 0.11425 0.06940
-0.78000 0.00003 0.00001 0.11425 0.06940
-0.79000 0.00003 0.00001 0.11425 0.06940
-0.80000 0.00004 0.00001 0.11425 0.06940
-0.81000 0.00006 0.00001 0.11425 0.06940
-0.82000 0.00008 0.00001 0.11425 0.06940
-0.83000 0.00010 0.00001 0.11425 0.06940
-0.84000 0.00012 0.00000 0.11425 0.06940
-0.85000 0.00012 0.00000 0.11425 0.06940
-0.86000 0.00011 0.00001 0.11425 0.06940
-0.87000 0.00009 0.00001 0.11425 0.06940
-0.88000 0.00007 0.00001 0.11425 0.06940
-0.89000 0.00003 0.00001 0.11425 0.06940
-0.90000 -0.00000 0.00001 0.11425 0.06940
-0.91000 -0.00003 0.00001 0.11425 0.06940
-0.92000 -0.00005 0.00001 0.11425 0.06940
-0.93000 -0.00006 0.00001 0.11425 0.06940
-0.94000 -0.00006 0.00002 0.11425 0.06940
-0.95000 -0.00004 0.00002 0.11425 0.06940
-0.96000 -0.00002 0.00001 0.11425 0.06940
-0.97000 0.00001 0.00002 0.11425 0.06940
-0.98000 0.00003 0.00002 0.11425 0.06940
-0.99000 0.00005 0.00003 0.11425 0.06940
-1.00000 0.00006 0.00003 0.11425 0.06940
