1.00230 -0.00001 0.00000 0.04063 0.03567
0.99840 -0.00001 0.00000 0.04063 0.03567
0.99450 -0.00001 0.00000 0.04063 0.03567
0.99060 -0.00001 0.00000 0.04063 0.03567
0.98670 -0.00001 0.00000 0.04063 0.03567
0.98280 -0.00002 0.00000 0.04063 0.03567
0.97890 -0.00002 0.00000 0.04063 0.03567
0.97500 -0.00002 0.00000 0.04063 0.03567
0.97110 -0.00002 0.00000 0.04063 0.03567
0.96720 -0.00002 0.00000 0.04063 0.03567
0.96330 -0.00001 0.00000 0.04063 0.03567
0.95940 -0.00001 0.00000 0.04063 0.03567
0.95550 -0.00000 0.00000 0.04063 0.03567
0.95160 0.00000 0.00000 0.04063 0.03567
0.94770 0.00001 0.00000 0.04063 0.03567
0.94380 0.00001 0.00000 0.04063 0.03567
0.93990 0.00001 0.00000 0.04063 0.03567
0.93600 0.00001 0.00000 0.04063 0.03567
0.93210 0.00000 0.00000 0.04063 0.03567
0.92820 -0.00000 0.00000 0.04063 0.03567
0.92430 -0.00001 0.00000 0.04063 0.03567
0.92040 -0.00001 0.00000 0.04063 0.03567
0.91650 -0.00001 0.00000 0.04063 0.03567
0.91260 -0.00001 0.00000 0.04063 0.03567
0.90870 -0.00001 0.00000 0.04063 0.03567
0.90480 -0.00001 0.00000 0.04063 0.03567
0.90090 -0.00000 0.00000 0.04063 0.03567
0.89700 0.00000 0.00000 0.04063 0.03567
0.89310 0.00001 0.00000 0.04063 0.03567
0.88920 0.00001 0.00000 0.04063 0.03567
0.88530 0.00001 0.00000 0.04063 0.03567
0.88140 0.00001 0.00000 0.04063 0.03567
0.87750 0.00001 0.00000 0.04063 0.03567
0.87360 0.00001 0.00000 0.04063 0.03567
0.86970 0.00000 0.00000 0.04063 0.03567
0.86580 0.00000 0.00000 0.04063 0.03567
0.86190 0.00000 0.00000 0.04063 0.03567
0.85800 0.00000 0.00000 0.04063 0.03567
0.85410 0.00001 0.00000 0.04063 0.03567
0.85020 0.00001 0.00000 0.04063 0.03567
0.84630 0.00001 0.00000 0.04063 0.03567
0.84240 0.00001 0.00000 0.04063 0.03567
0.83850 0.00000 0.00000 0.04063 0.03567
0.83460 0.00000 0.00000 0.04063 0.03567
0.83070 0.00000 0.00000 0.04063 0.03567
0.82680 0.00000 0.00000 0.04063 0.03567
0.82290 0.00000 0.00000 0.04063 0.03567
0.81900 0.00000 0.00000 0.04063 0.03567
0.81510 0.00001 0.00000 0.04063 0.03567
0.81120 0.00001 0.00000 0.04063 0.03567
0.80730 0.00001 0.00000 0.04063 0.03567
0.80340 0.00001 0.00000 0.04063 0.03567
0.79950 0.00001 0.00000 0.04063 0.03567
0.79560 0.00000 0.00000 0.04063 0.03567
0.79170 0.00001 0.00000 0.04063 0.03567
0.78780 0.00001 0.00000 0.04063 0.03567
0.78390 0.00001 0.00000 0.04063 0.03567
0.78000 0.00002 0.00000 0.04063 0.03567
0.77610 0.00003 0.00000 0.04063 0.03567
0.77220 0.00003 0.00000 0.04063 0.03567
0.76830 0.00004 0.00000 0.04063 0.03567
0.76440 0.00003 0.00000 0.04063 0.03567
0.76050 0.00003 0.00000 0.04063 0.03567
0.75660 0.00002 0.00000 0.04063 0.03567
0.75270 0.00002 0.00000 0.04063 0.03567
0.74880 0.00001 0.00000 0.04063 0.03567
0.74490 0.00001 0.00000 0.04063 0.03567
0.74100 0.00001 0.00000 0.04063 0.03567
0.73710 0.00001 0.00000 0.04063 0.03567
0.73320 0.00001 0.00000 0.04063 0.03567
0.72930 0.00002 0.00000 0.04063 0.03567
0.72540 0.00002 0.00000 0.04063 0.03567
0.72150 0.00002 0.00000 0.04063 0.03567
0.71760 0.00002 0.00000 0.04063 0.03567
0.71370 0.00001 0.00000 0.04063 0.03567
0.70980 0.00001 0.00000 0.04063 0.03567
0.70590 0.00001 0.00000 0.04063 0.03567
0.70200 0.00001 0.00000 0.04063 0.03567
0.69810 0.00001 0.00000 0.04063 0.03567
0.69420 0.00001 0.00000 0.04063 0.03567
0.69030 0.00000 0.00000 0.04063 0.03567
0.68640 0.00000 0.00000 0.04063 0.03567
0.68250 -0.00000 0.00000 0.04063 0.03567
0.67860 -0.00001 0.00000 0.04063 0.03567
0.67470 -0.00001 0.00000 0.04063 0.03567
0.67080 -0.00001 0.00000 0.04063 0.03567
0.66690 -0.00002 0.00000 0.04063 0.03567
0.66300 -0.00002 0.00001 0.04063 0.03567
0.65910 -0.00002 0.00000 0.04063 0.03567
0.65520 -0.00002 0.00000 0.04063 0.03567
0.65130 -0.00002 0.00000 0.04063 0.03567
0.64740 -0.00001 0.00000 0.04063 0.03567
0.64350 -0.00001 0.00000 0.04063 0.03567
0.63960 -0.00000 0.00000 0.04063 0.03567
0.63570 -0.00000 0.00000 0.04063 0.03567
0.63180 0.00000 0.00000 0.04063 0.03567
0.62790 0.00001 0.00000 0.04063 0.03567
0.62400 0.00001 0.00000 0.04063 0.03567
0.62010 0.00001 0.00000 0.04063 0.03567
0.61620 0.00001 0.00000 0.04063 0.03567
0.61230 0.00001 0.00000 0.04063 0.03567
0.60840 0.00001 0.00000 0.04063 0.03567
0.60450 0.00001 0.00000 0.04063 0.03567
0.60060 0.00001 0.00000 0.04063 0.03567
0.59670 0.00001 0.00000 0.04063 0.03567
0.59280 0.00001 0.00000 0.04063 0.03567
0.58890 0.00001 0.00000 0.04063 0.03567
0.58500 0.00001 0.00000 0.04063 0.03567
0.58110 0.00001 0.00000 0.04063 0.03567
0.57720 0.00001 0.00000 0.04063 0.03567
0.57330 0.00002 0.00000 0.04063 0.03567
0.56940 0.00002 0.00000 0.04063 0.03567
0.56550 0.00002 0.00000 0.04063 0.03567
0.56160 0.00001 0.00000 0.04063 0.03567
0.55770 0.00001 0.00000 0.04063 0.03567
0.55380 0.00001 0.00000 0.04063 0.03567
0.54990 0.00001 0.00000 0.04063 0.03567
0.54600 0.00000 0.00000 0.04063 0.03567
0.54210 0.00000 0.00000 0.04063 0.03567
0.53820 0.00001 0.00000 0.04063 0.03567
0.53430 0.00001 0.00000 0.04063 0.03567
0.53040 0.00001 0.00000 0.04063 0.03567
0.52650 0.00002 0.00000 0.04063 0.03567
0.52260 0.00002 0.00000 0.04063 0.03567
0.51870 0.00002 0.00000 0.04063 0.03567
0.51480 0.00002 0.00000 0.04063 0.03567
0.51090 0.00002 0.00000 0.04063 0.03567
0.50700 0.00002 0.00000 0.04063 0.03567
0.50310 0.00001 0.00000 0.04063 0.03567
0.49920 0.00001 0.00000 0.04063 0.03567
0.49530 0.00001 0.00000 0.04063 0.03567
0.49140 0.00001 0.00000 0.04063 0.03567
0.48750 0.00001 0.00000 0.04063 0.03567
0.48360 0.00001 0.00000 0.04063 0.03567
0.47970 0.00001 0.00000 0.04063 0.03567
0.47580 0.00001 0.00000 0.04063 0.03567
0.47190 0.00000 0.00000 0.04063 0.03567
0.46800 0.00000 0.00000 0.04063 0.03567
0.46410 0.00000 0.00000 0.04063 0.03567
0.46020 0.00001 0.00001 0.04063 0.03567
0.45630 0.00001 0.00000 0.04063 0.03567
0.45240 0.00001 0.00000 0.04063 0.03567
0.44850 0.00002 0.00000 0.04063 0.03567
0.44460 0.00002 0.00000 0.04063 0.03567
0.44070 0.00002 0.00000 0.04063 0.03567
0.43680 0.00002 0.00000 0.04063 0.03567
0.43290 0.00002 0.00000 0.04063 0.03567
0.42900 0.00002 0.00000 0.04063 0.03567
0.42510 0.00002 0.00000 0.04063 0.03567
0.42120 0.00002 0.00000 0.04063 0.03567
0.41730 0.00003 0.00000 0.04063 0.03567
0.41340 0.00003 0.00000 0.04063 0.03567
0.40950 0.00004 0.00000 0.04063 0.03567
0.40560 0.00004 0.00000 0.04063 0.03567
0.40170 0.00005 0.00000 0.04063 0.03567
0.39780 0.00006 0.00000 0.04063 0.03567
0.39390 0.00007 0.00000 0.04063 0.03567
0.39000 0.00009 0.00000 0.04063 0.03567
0.38610 0.00010 0.00000 0.04063 0.03567
0.38220 0.00011 0.00000 0.04063 0.03567
0.37830 0.00011 0.00000 0.04063 0.03567
0.37440 0.00012 0.00000 0.04063 0.03567
0.37050 0.00013 0.00000 0.04063 0.03567
0.36660 0.00014 0.00000 0.04063 0.03567
0.36270 0.00014 0.00000 0.04063 0.03567
0.35880 0.00015 0.00000 0.04063 0.03567
0.35490 0.00016 0.00000 0.04063 0.03567
0.35100 0.00017 0.00000 0.04063 0.03567
0.34710 0.00019 0.00001 0.04063 0.03567
0.34320 0.00020 0.00001 0.04063 0.03567
0.33930 0.00023 0.00000 0.04063 0.03567
0.33540 0.00024 0.00000 0.04063 0.03567
0.33150 0.00026 0.00001 0.04063 0.03567
0.32760 0.00027 0.00000 0.04063 0.03567
0.32370 0.00028 0.00000 0.04063 0.03567
0.31980 0.00030 0.00001 0.04063 0.03567
0.31590 0.00031 0.00001 0.04063 0.03567
0.31200 0.00032 0.00001 0.04063 0.03567
0.30810 0.00035 0.00001 0.04063 0.03567
0.30420 0.00036 0.00001 0.04063 0.03567
0.30030 0.00038 0.00001 0.04063 0.03567
0.29640 0.00041 0.00001 0.04063 0.03567
0.29250 0.00043 0.00001 0.04063 0.03567
0.28860 0.00046 0.00001 0.04063 0.03567
0.28470 0.00048 0.00001 0.04063 0.03567
0.28080 0.00050 0.00002 0.04063 0.03567
0.27690 0.00051 0.00001 0.04063 0.03567
0.27300 0.00053 0.00001 0.04063 0.03567
0.26910 0.00055 0.00001 0.04063 0.03567
0.26520 0.00056 0.00001 0.04063 0.03567
0.26130 0.00057 0.00001 0.04063 0.03567
0.25740 0.00058 0.00001 0.04063 0.03567
0.25350 0.00058 0.00000 0.04063 0.03567
0.24960 0.00059 0.00000 0.04063 0.03567
0.24570 0.00060 0.00000 0.04063 0.03567
0.24180 0.00061 0.00000 0.04063 0.03567
0.23790 0.00062 0.00000 0.04063 0.03567
0.23400 0.00064 0.00000 0.04063 0.03567
0.23010 0.00066 0.00000 0.04063 0.03567
0.22620 0.00066 0.00000 0.04063 0.03567
0.22230 0.00068 0.00000 0.04063 0.03567
0.21840 0.00069 0.00000 0.04063 0.03567
0.21450 0.00070 0.00000 0.04063 0.03567
0.21060 0.00070 0.00000 0.04063 0.03567
0.20670 0.00071 0.00000 0.04063 0.03567
0.20280 0.00071 0.00000 0.04063 0.03567
0.19890 0.00072 0.00000 0.04063 0.03567
0.19500 0.00073 0.00000 0.04063 0.03567
0.19110 0.00075 0.00000 0.04063 0.03567
0.18720 0.00077 0.00001 0.04063 0.03567
0.18330 0.00079 0.00001 0.04063 0.03567
0.17940 0.00081 0.00001 0.04063 0.03567
0.17550 0.00082 0.00001 0.04063 0.03567
0.17160 0.00085 0.00001 0.04063 0.03567
0.16770 0.00087 0.00001 0.04063 0.03567
0.16380 0.00091 0.00001 0.04063 0.03567
0.15990 0.00093 0.00001 0.04063 0.03567
0.15600 0.00099 0.00001 0.04063 0.03567
0.15210 0.00100 0.00001 0.04063 0.03567
0.14820 0.00107 0.00001 0.04063 0.03567
0.14430 0.00110 0.00001 0.04063 0.03567
0.14040 0.00117 0.00001 0.04063 0.03567
0.13650 0.00120 0.00001 0.04063 0.03567
0.13260 0.00125 0.00001 0.04063 0.03567
0.12870 0.00129 0.00001 0.04063 0.03567
0.12480 0.00130 0.00001 0.04063 0.03567
0.12090 0.00134 0.00001 0.04063 0.03567
0.11700 0.00137 0.00001 0.04063 0.03567
0.11310 0.00140 0.00001 0.04063 0.03567
0.10920 0.00145 0.00001 0.04063 0.03567
0.10530 0.00151 0.00001 0.04063 0.03567
0.10140 0.00155 0.00002 0.04063 0.03567
0.09750 0.00162 0.00001 0.04063 0.03567
0.09360 0.00168 0.00002 0.04063 0.03567
0.08970 0.00178 0.00002 0.04063 0.03567
0.08580 0.00184 0.00002 0.04063 0.03567
0.08190 0.00197 0.00002 0.04063 0.03567
0.07800 0.00208 0.00004 0.04063 0.03567
0.07410 0.00216 0.00003 0.04063 0.03567
0.07020 0.00231 0.00003 0.04063 0.03567
0.06630 0.00250 0.00004 0.04063 0.03567
0.06240 0.00265 0.00007 0.04063 0.03567
0.05850 0.00291 0.00005 0.04063 0.03567
0.05460 0.00323 0.00004 0.04063 0.03567
0.05070 0.00345 0.00008 0.04063 0.03567
0.04680 0.00377 0.00013 0.04063 0.03567
0.04290 0.00416 0.00010 0.04063 0.03567
0.03900 0.00476 0.00011 0.04063 0.03567
0.03510 0.00503 0.00010 0.04063 0.03567
0.03120 0.00575 0.00010 0.04063 0.03567
0.02730 0.00620 0.00012 0.04063 0.03567
0.02340 0.00665 0.00013 0.04063 0.03567
0.01950 0.00709 0.00013 0.04063 0.03567
0.01560 0.00773 0.00011 0.04063 0.03567
0.01170 0.00802 0.00011 0.04063 0.03567
0.00780 0.00831 0.00001 0.04063 0.03567
0.00390 0.00846 0.00001 0.04063 0.03567
0.00000 0.00840 0.00005 0.04063 0.03567
-0.00390 0.00831 0.00006 0.04063 0.03567
-0.00780 0.00805 0.00008 0.04063 0.03567
-0.01170 0.00766 0.00013 0.04063 0.03567
-0.01560 0.00734 0.00012 0.04063 0.03567
-0.01950 0.00671 0.00013 0.04063 0.03567
-0.02340 0.00632 0.00012 0.04063 0.03567
-0.02730 0.00590 0.00012 0.04063 0.03567
-0.03120 0.00551 0.00010 0.04063 0.03567
-0.03510 0.00486 0.00010 0.04063 0.03567
-0.03900 0.00461 0.00010 0.04063 0.03567
-0.04290 0.00403 0.00009 0.04063 0.03567
-0.04680 0.00366 0.00013 0.04063 0.03567
-0.05070 0.00334 0.00008 0.04063 0.03567
-0.05460 0.00312 0.00004 0.04063 0.03567
-0.05850 0.00280 0.00005 0.04063 0.03567
-0.06240 0.00253 0.00007 0.04063 0.03567
-0.06630 0.00239 0.00004 0.04063 0.03567
-0.07020 0.00220 0.00002 0.04063 0.03567
-0.07410 0.00206 0.00003 0.04063 0.03567
-0.07800 0.00199 0.00004 0.04063 0.03567
-0.08190 0.00189 0.00002 0.04063 0.03567
-0.08580 0.00179 0.00001 0.04063 0.03567
-0.08970 0.00175 0.00001 0.04063 0.03567
-0.09360 0.00168 0.00001 0.04063 0.03567
-0.09750 0.00164 0.00001 0.04063 0.03567
-0.10140 0.00159 0.00001 0.04063 0.03567
-0.10530 0.00157 0.00001 0.04063 0.03567
-0.10920 0.00151 0.00001 0.04063 0.03567
-0.11310 0.00147 0.00001 0.04063 0.03567
-0.11700 0.00143 0.00001 0.04063 0.03567
-0.12090 0.00138 0.00001 0.04063 0.03567
-0.12480 0.00133 0.00001 0.04063 0.03567
-0.12870 0.00131 0.00001 0.04063 0.03567
-0.13260 0.00127 0.00001 0.04063 0.03567
-0.13650 0.00121 0.00002 0.04063 0.03567
-0.14040 0.00118 0.00001 0.04063 0.03567
-0.14430 0.00111 0.00001 0.04063 0.03567
-0.14820 0.00107 0.00001 0.04063 0.03567
-0.15210 0.00099 0.00001 0.04063 0.03567
-0.15600 0.00098 0.00001 0.04063 0.03567
-0.15990 0.00092 0.00001 0.04063 0.03567
-0.16380 0.00088 0.00001 0.04063 0.03567
-0.16770 0.00084 0.00001 0.04063 0.03567
-0.17160 0.00081 0.00001 0.04063 0.03567
-0.17550 0.00079 0.00000 0.04063 0.03567
-0.17940 0.00077 0.00001 0.04063 0.03567
-0.18330 0.00075 0.00000 0.04063 0.03567
-0.18720 0.00073 0.00001 0.04063 0.03567
-0.19110 0.00070 0.00001 0.04063 0.03567
-0.19500 0.00068 0.00000 0.04063 0.03567
-0.19890 0.00066 0.00000 0.04063 0.03567
-0.20280 0.00064 0.00000 0.04063 0.03567
-0.20670 0.00064 0.00000 0.04063 0.03567
-0.21060 0.00062 0.00000 0.04063 0.03567
-0.21450 0.00061 0.00000 0.04063 0.03567
-0.21840 0.00060 0.00000 0.04063 0.03567
-0.22230 0.00060 0.00000 0.04063 0.03567
-0.22620 0.00059 0.00000 0.04063 0.03567
-0.23010 0.00059 0.00000 0.04063 0.03567
-0.23400 0.00058 0.00000 0.04063 0.03567
-0.23790 0.00057 0.00000 0.04063 0.03567
-0.24180 0.00056 0.00000 0.04063 0.03567
-0.24570 0.00055 0.00000 0.04063 0.03567
-0.24960 0.00054 0.00000 0.04063 0.03567
-0.25350 0.00053 0.00000 0.04063 0.03567
-0.25740 0.00052 0.00000 0.04063 0.03567
-0.26130 0.00051 0.00000 0.04063 0.03567
-0.26520 0.00050 0.00000 0.04063 0.03567
-0.26910 0.00048 0.00000 0.04063 0.03567
-0.27300 0.00047 0.00001 0.04063 0.03567
-0.27690 0.00045 0.00000 0.04063 0.03567
-0.28080 0.00044 0.00001 0.04063 0.03567
-0.28470 0.00042 0.00000 0.04063 0.03567
-0.28860 0.00041 0.00000 0.04063 0.03567
-0.29250 0.00039 0.00000 0.04063 0.03567
-0.29640 0.00038 0.00001 0.04063 0.03567
-0.30030 0.00036 0.00000 0.04063 0.03567
-0.30420 0.00035 0.00000 0.04063 0.03567
-0.30810 0.00034 0.00000 0.04063 0.03567
-0.31200 0.00032 0.00001 0.04063 0.03567
-0.31590 0.00031 0.00000 0.04063 0.03567
-0.31980 0.00029 0.00000 0.04063 0.03567
-0.32370 0.00027 0.00000 0.04063 0.03567
-0.32760 0.00025 0.00000 0.04063 0.03567
-0.33150 0.00024 0.00000 0.04063 0.03567
-0.33540 0.00021 0.00000 0.04063 0.03567
-0.33930 0.00020 0.00000 0.04063 0.03567
-0.34320 0.00018 0.00000 0.04063 0.03567
-0.34710 0.00017 0.00000 0.04063 0.03567
-0.35100 0.00015 0.00000 0.04063 0.03567
-0.35490 0.00015 0.00000 0.04063 0.03567
-0.35880 0.00014 0.00000 0.04063 0.03567
-0.36270 0.00013 0.00000 0.04063 0.03567
-0.36660 0.00012 0.00000 0.04063 0.03567
-0.37050 0.00012 0.00000 0.04063 0.03567
-0.37440 0.00011 0.00000 0.04063 0.03567
-0.37830 0.00009 0.00000 0.04063 0.03567
-0.38220 0.00009 0.00000 0.04063 0.03567
-0.38610 0.00008 0.00000 0.04063 0.03567
-0.39000 0.00007 0.00000 0.04063 0.03567
-0.39390 0.00006 0.00000 0.04063 0.03567
-0.39780 0.00006 0.00000 0.04063 0.03567
-0.40170 0.00006 0.00000 0.04063 0.03567
-0.40560 0.00006 0.00001 0.04063 0.03567
-0.40950 0.00006 0.00001 0.04063 0.03567
-0.41340 0.00006 0.00001 0.04063 0.03567
-0.41730 0.00006 0.00001 0.04063 0.03567
-0.42120 0.00006 0.00000 0.04063 0.03567
-0.42510 0.00005 0.00000 0.04063 0.03567
-0.42900 0.00004 0.00000 0.04063 0.03567
-0.43290 0.00004 0.00000 0.04063 0.03567
-0.43680 0.00004 0.00000 0.04063 0.03567
-0.44070 0.00003 0.00000 0.04063 0.03567
-0.44460 0.00003 0.00000 0.04063 0.03567
-0.44850 0.00002 0.00000 0.04063 0.03567
-0.45240 0.00002 0.00000 0.04063 0.03567
-0.45630 0.00002 0.00000 0.04063 0.03567
-0.46020 0.00003 0.00000 0.04063 0.03567
-0.46410 0.00003 0.00000 0.04063 0.03567
-0.46800 0.00003 0.00000 0.04063 0.03567
-0.47190 0.00003 0.00000 0.04063 0.03567
-0.47580 0.00003 0.00000 0.04063 0.03567
-0.47970 0.00003 0.00000 0.04063 0.03567
-0.48360 0.00003 0.00000 0.04063 0.03567
-0.48750 0.00003 0.00000 0.04063 0.03567
-0.49140 0.00003 0.00000 0.04063 0.03567
-0.49530 0.00003 0.00000 0.04063 0.03567
-0.49920 0.00002 0.00000 0.04063 0.03567
-0.50310 0.00002 0.00000 0.04063 0.03567
-0.50700 0.00002 0.00000 0.04063 0.03567
-0.51090 0.00002 0.00000 0.04063 0.03567
-0.51480 0.00002 0.00000 0.04063 0.03567
-0.51870 0.00001 0.00000 0.04063 0.03567
-0.52260 0.00001 0.00000 0.04063 0.03567
-0.52650 0.00001 0.00000 0.04063 0.03567
-0.53040 0.00000 0.00000 0.04063 0.03567
-0.53430 -0.00000 0.00000 0.04063 0.03567
-0.53820 -0.00000 0.00000 0.04063 0.03567
-0.54210 -0.00001 0.00000 0.04063 0.03567
-0.54600 -0.00001 0.00000 0.04063 0.03567
-0.54990 -0.00001 0.00000 0.04063 0.03567
-0.55380 -0.00001 0.00000 0.04063 0.03567
-0.55770 -0.00000 0.00000 0.04063 0.03567
-0.56160 -0.00000 0.00000 0.04063 0.03567
-0.56550 -0.00000 0.00000 0.04063 0.03567
-0.56940 -0.00000 0.00000 0.04063 0.03567
-0.57330 -0.00000 0.00000 0.04063 0.03567
-0.57720 -0.00000 0.00000 0.04063 0.03567
-0.58110 -0.00000 0.00000 0.04063 0.03567
-0.58500 -0.00000 0.00000 0.04063 0.03567
-0.58890 -0.00000 0.00000 0.04063 0.03567
-0.59280 -0.00000 0.00000 0.04063 0.03567
-0.59670 0.00000 0.00000 0.04063 0.03567
-0.60060 -0.00000 0.00000 0.04063 0.03567
-0.60450 -0.00000 0.00000 0.04063 0.03567
-0.60840 -0.00000 0.00000 0.04063 0.03567
-0.61230 -0.00000 0.00000 0.04063 0.03567
-0.61620 -0.00000 0.00000 0.04063 0.03567
-0.62010 -0.00000 0.00000 0.04063 0.03567
-0.62400 -0.00000 0.00000 0.04063 0.03567
-0.62790 -0.00000 0.00000 0.04063 0.03567
-0.63180 -0.00000 0.00000 0.04063 0.03567
-0.63570 -0.00000 0.00000 0.04063 0.03567
-0.63960 -0.00001 0.00000 0.04063 0.03567
-0.64350 -0.00001 0.00000 0.04063 0.03567
-0.64740 -0.00001 0.00000 0.04063 0.03567
-0.65130 -0.00001 0.00000 0.04063 0.03567
-0.65520 -0.00002 0.00000 0.04063 0.03567
-0.65910 -0.00001 0.00000 0.04063 0.03567
-0.66300 -0.00001 0.00000 0.04063 0.03567
-0.66690 -0.00000 0.00000 0.04063 0.03567
-0.67080 0.00000 0.00000 0.04063 0.03567
-0.67470 0.00001 0.00000 0.04063 0.03567
-0.67860 0.00001 0.00000 0.04063 0.03567
-0.68250 0.00001 0.00000 0.04063 0.03567
-0.68640 0.00001 0.00000 0.04063 0.03567
-0.69030 0.00001 0.00000 0.04063 0.03567
-0.69420 -0.00000 0.00000 0.04063 0.03567
-0.69810 -0.00001 0.00000 0.04063 0.03567
-0.70200 -0.00001 0.00000 0.04063 0.03567
-0.70590 -0.00001 0.00001 0.04063 0.03567
-0.70980 -0.00000 0.00001 0.04063 0.03567
-0.71370 -0.00000 0.00001 0.04063 0.03567
-0.71760 0.00000 0.00001 0.04063 0.03567
-0.72150 0.00000 0.00000 0.04063 0.03567
-0.72540 0.00001 0.00000 0.04063 0.03567
-0.72930 0.00001 0.00000 0.04063 0.03567
-0.73320 0.00001 0.00000 0.04063 0.03567
-0.73710 0.00001 0.00000 0.04063 0.03567
-0.74100 0.00000 0.00001 0.04063 0.03567
-0.74490 -0.00000 0.00000 0.04063 0.03567
-0.74880 -0.00001 0.00001 0.04063 0.03567
-0.75270 -0.00001 0.00000 0.04063 0.03567
-0.75660 -0.00001 0.00000 0.04063 0.03567
-0.76050 -0.00001 0.00000 0.04063 0.03567
-0.76440 -0.00000 0.00000 0.04063 0.03567
-0.76830 0.00000 0.00000 0.04063 0.03567
-0.77220 0.00001 0.00000 0.04063 0.03567
-0.77610 0.00001 0.00000 0.04063 0.03567
-0.78000 0.00001 0.00000 0.04063 0.03567
-0.78390 0.00001 0.00000 0.04063 0.03567
-0.78780 0.00001 0.00000 0.04063 0.03567
-0.79170 0.00000 0.00000 0.04063 0.03567
-0.79560 0.00000 0.00000 0.04063 0.03567
-0.79950 -0.00000 0.00000 0.04063 0.03567
-0.80340 0.00000 0.00000 0.04063 0.03567
-0.80730 0.00000 0.00000 0.04063 0.03567
-0.81120 0.00000 0.00000 0.04063 0.03567
-0.81510 0.00000 0.00000 0.04063 0.03567
-0.81900 0.00000 0.00000 0.04063 0.03567
-0.82290 -0.00000 0.00000 0.04063 0.03567
-0.82680 -0.00001 0.00000 0.04063 0.03567
-0.83070 -0.00002 0.00000 0.04063 0.03567
-0.83460 -0.00002 0.00000 0.04063 0.03567
-0.83850 -0.00002 0.00000 0.04063 0.03567
-0.84240 -0.00002 0.00000 0.04063 0.03567
-0.84630 -0.00002 0.00000 0.04063 0.03567
-0.85020 -0.00001 0.00000 0.04063 0.03567
-0.85410 -0.00001 0.00000 0.04063 0.03567
-0.85800 -0.00001 0.00000 0.04063 0.03567
-0.86190 -0.00000 0.00000 0.04063 0.03567
-0.86580 -0.00001 0.00000 0.04063 0.03567
-0.86970 -0.00001 0.00000 0.04063 0.03567
-0.87360 -0.00001 0.00000 0.04063 0.03567
-0.87750 -0.00001 0.00000 0.04063 0.03567
-0.88140 -0.00001 0.00000 0.04063 0.03567
-0.88530 -0.00000 0.00000 0.04063 0.03567
-0.88920 -0.00000 0.00000 0.04063 0.03567
-0.89310 0.00000 0.00000 0.04063 0.03567
-0.89700 0.00000 0.00000 0.04063 0.03567
-0.90090 0.00001 0.00000 0.04063 0.03567
-0.90480 0.00001 0.00000 0.04063 0.03567
-0.90870 0.00001 0.00000 0.04063 0.03567
-0.91260 0.00001 0.00000 0.04063 0.03567
-0.91650 0.00002 0.00000 0.04063 0.03567
-0.92040 0.00002 0.00000 0.04063 0.03567
-0.92430 0.00002 0.00000 0.04063 0.03567
-0.92820 0.00002 0.00000 0.04063 0.03567
-0.93210 0.00002 0.00000 0.04063 0.03567
-0.93600 0.00002 0.00000 0.04063 0.03567
-0.93990 0.00003 0.00000 0.04063 0.03567
-0.94380 0.00003 0.00000 0.04063 0.03567
-0.94770 0.00003 0.00000 0.04063 0.03567
-0.95160 0.00003 0.00000 0.04063 0.03567
-0.95550 0.00003 0.00000 0.04063 0.03567
-0.95940 0.00003 0.00000 0.04063 0.03567
-0.96330 0.00003 0.00000 0.04063 0.03567
-0.96720 0.00002 0.00000 0.04063 0.03567
-0.97110 0.00002 0.00000 0.04063 0.03567
-0.97500 0.00002 0.00000 0.04063 0.03567
-0.97890 0.00002 0.00000 0.04063 0.03567
-0.98280 0.00002 0.00000 0.04063 0.03567
-0.98670 0.00002 0.00000 0.04063 0.03567
-0.99060 0.00002 0.00000 0.04063 0.03567
-0.99450 0.00002 0.00000 0.04063 0.03567
-0.99840 0.00002 0.00000 0.04063 0.03567
-1.00230 0.00002 0.00000 0.04063 0.03567
