1.00230 nan 4.37139 0.05400 0.04300
0.99840 nan 4.94651 0.05400 0.04300
0.99450 nan 7.43704 0.05400 0.04300
0.99060 nan 1.07505 0.05400 0.04300
0.98670 nan -6.34382 0.05400 0.04300
0.98280 nan -2.97691 0.05400 0.04300
0.97890 nan -2.18977 0.05400 0.04300
0.97500 nan -2.13260 0.05400 0.04300
0.97110 nan -2.06875 0.05400 0.04300
0.96720 nan -2.13410 0.05400 0.04300
0.96330 nan -2.54202 0.05400 0.04300
0.95940 nan -3.32439 0.05400 0.04300
0.95550 nan -6.25083 0.05400 0.04300
0.95160 nan -21.89874 0.05400 0.04300
0.94770 nan -9.17540 0.05400 0.04300
0.94380 nan -36.83155 0.05400 0.04300
0.93990 nan -10.82001 0.05400 0.04300
0.93600 nan -6.40985 0.05400 0.04300
0.93210 nan -16.76521 0.05400 0.04300
0.92820 nan -38.47054 0.05400 0.04300
0.92430 nan -16.77660 0.05400 0.04300
0.92040 nan -7.49749 0.05400 0.04300
0.91650 nan -7.51288 0.05400 0.04300
0.91260 nan -7.51591 0.05400 0.04300
0.90870 nan -17.93264 0.05400 0.04300
0.90480 nan -9.04976 0.05400 0.04300
0.90090 nan -14.93579 0.05400 0.04300
0.89700 nan -17.44474 0.05400 0.04300
0.89310 nan -16.60546 0.05400 0.04300
0.88920 nan 101.15979 0.05400 0.04300
0.88530 nan 24.81889 0.05400 0.04300
0.88140 nan 16.76259 0.05400 0.04300
0.87750 nan 15.35626 0.05400 0.04300
0.87360 nan 11.71183 0.05400 0.04300
0.86970 nan 500.15602 0.05400 0.04300
0.86580 nan 549.64961 0.05400 0.04300
0.86190 nan -10.20295 0.05400 0.04300
0.85800 nan -6.04267 0.05400 0.04300
0.85410 nan -5.10169 0.05400 0.04300
0.85020 nan -4.07763 0.05400 0.04300
0.84630 nan -3.86630 0.05400 0.04300
0.84240 nan -3.72153 0.05400 0.04300
0.83850 nan -4.08983 0.05400 0.04300
0.83460 nan -4.13926 0.05400 0.04300
0.83070 nan -5.59184 0.05400 0.04300
0.82680 nan -6.73883 0.05400 0.04300
0.82290 nan -10.11507 0.05400 0.04300
0.81900 nan -16.13616 0.05400 0.04300
0.81510 nan -15.24801 0.05400 0.04300
0.81120 nan -9.90242 0.05400 0.04300
0.80730 nan -11.07439 0.05400 0.04300
0.80340 nan -6.84772 0.05400 0.04300
0.79950 nan -16.50533 0.05400 0.04300
0.79560 nan -9.66069 0.05400 0.04300
0.79170 nan -8.52569 0.05400 0.04300
0.78780 nan -14.38736 0.05400 0.04300
0.78390 nan -7.69483 0.05400 0.04300
0.78000 nan -10.90233 0.05400 0.04300
0.77610 nan -1.50568 0.05400 0.04300
0.77220 nan 8.10383 0.05400 0.04300
0.76830 nan 3.85511 0.05400 0.04300
0.76440 nan 4.06145 0.05400 0.04300
0.76050 nan 2.61408 0.05400 0.04300
0.75660 nan 2.36677 0.05400 0.04300
0.75270 nan 2.08463 0.05400 0.04300
0.74880 nan 2.05786 0.05400 0.04300
0.74490 nan 2.05174 0.05400 0.04300
0.74100 nan 2.21547 0.05400 0.04300
0.73710 nan 2.29204 0.05400 0.04300
0.73320 nan 2.64229 0.05400 0.04300
0.72930 nan 3.41299 0.05400 0.04300
0.72540 nan 4.02973 0.05400 0.04300
0.72150 nan 6.57568 0.05400 0.04300
0.71760 nan 9.46982 0.05400 0.04300
0.71370 nan 20.52588 0.05400 0.04300
0.70980 nan 25.74697 0.05400 0.04300
0.70590 nan 59.73599 0.05400 0.04300
0.70200 nan -93.20150 0.05400 0.04300
0.69810 nan -158.54353 0.05400 0.04300
0.69420 nan 10.48470 0.05400 0.04300
0.69030 nan 5.12044 0.05400 0.04300
0.68640 nan 3.63822 0.05400 0.04300
0.68250 nan 2.75247 0.05400 0.04300
0.67860 nan 2.07264 0.05400 0.04300
0.67470 nan 1.91099 0.05400 0.04300
0.67080 nan 1.68343 0.05400 0.04300
0.66690 nan 1.61712 0.05400 0.04300
0.66300 nan 1.54503 0.05400 0.04300
0.65910 nan 1.46195 0.05400 0.04300
0.65520 nan 1.30255 0.05400 0.04300
0.65130 nan 1.29442 0.05400 0.04300
0.64740 nan 1.14632 0.05400 0.04300
0.64350 nan 1.17588 0.05400 0.04300
0.63960 nan 1.11671 0.05400 0.04300
0.63570 nan 1.12024 0.05400 0.04300
0.63180 nan 1.30528 0.05400 0.04300
0.62790 nan 1.85476 0.05400 0.04300
0.62400 nan 2.85032 0.05400 0.04300
0.62010 nan 532.62479 0.05400 0.04300
0.61620 nan 12.26314 0.05400 0.04300
0.61230 nan 8.33284 0.05400 0.04300
0.60840 nan 7.88994 0.05400 0.04300
0.60450 nan 111.60538 0.05400 0.04300
0.60060 nan 3.93794 0.05400 0.04300
0.59670 nan 1.84132 0.05400 0.04300
0.59280 nan 1.31409 0.05400 0.04300
0.58890 nan 0.98322 0.05400 0.04300
0.58500 nan 0.95205 0.05400 0.04300
0.58110 nan 0.91040 0.05400 0.04300
0.57720 nan 0.97796 0.05400 0.04300
0.57330 nan 1.09622 0.05400 0.04300
0.56940 nan 1.37613 0.05400 0.04300
0.56550 nan 1.73487 0.05400 0.04300
0.56160 nan 1.94837 0.05400 0.04300
0.55770 nan 1.93569 0.05400 0.04300
0.55380 nan 1.57903 0.05400 0.04300
0.54990 nan 1.17010 0.05400 0.04300
0.54600 nan 0.92141 0.05400 0.04300
0.54210 nan 0.72792 0.05400 0.04300
0.53820 nan 0.59327 0.05400 0.04300
0.53430 nan 0.56865 0.05400 0.04300
0.53040 nan 0.51870 0.05400 0.04300
0.52650 nan 0.48126 0.05400 0.04300
0.52260 nan 0.47930 0.05400 0.04300
0.51870 nan 0.45485 0.05400 0.04300
0.51480 nan 0.43875 0.05400 0.04300
0.51090 nan 0.42655 0.05400 0.04300
0.50700 nan 0.39627 0.05400 0.04300
0.50310 nan 0.37099 0.05400 0.04300
0.49920 nan 0.33782 0.05400 0.04300
0.49530 nan 0.30993 0.05400 0.04300
0.49140 nan 0.29639 0.05400 0.04300
0.48750 nan 0.27442 0.05400 0.04300
0.48360 nan 0.26706 0.05400 0.04300
0.47970 3.13779 0.24328 0.05400 0.04300
0.47580 3.14458 0.23545 0.05400 0.04300
0.47190 3.07050 0.21326 0.05400 0.04300
0.46800 3.02924 0.19967 0.05400 0.04300
0.46410 2.90344 0.17296 0.05400 0.04300
0.46020 2.84840 0.16282 0.05400 0.04300
0.45630 2.74853 0.14590 0.05400 0.04300
0.45240 2.66256 0.13267 0.05400 0.04300
0.44850 2.58632 0.12110 0.05400 0.04300
0.44460 2.55449 0.11582 0.05400 0.04300
0.44070 2.52795 0.10973 0.05400 0.04300
0.43680 2.52898 0.10610 0.05400 0.04300
0.43290 2.53710 0.10535 0.05400 0.04300
0.42900 2.56628 0.10413 0.05400 0.04300
0.42510 2.59536 0.10361 0.05400 0.04300
0.42120 2.62576 0.10292 0.05400 0.04300
0.41730 2.63968 0.10231 0.05400 0.04300
0.41340 2.65515 0.10061 0.05400 0.04300
0.40950 2.63659 0.09778 0.05400 0.04300
0.40560 2.64423 0.09687 0.05400 0.04300
0.40170 2.61527 0.09360 0.05400 0.04300
0.39780 2.60244 0.09068 0.05400 0.04300
0.39390 2.58694 0.08893 0.05400 0.04300
0.39000 2.58952 0.08715 0.05400 0.04300
0.38610 2.58990 0.08580 0.05400 0.04300
0.38220 2.60990 0.08582 0.05400 0.04300
0.37830 2.61857 0.08535 0.05400 0.04300
0.37440 2.64560 0.08552 0.05400 0.04300
0.37050 2.66904 0.08551 0.05400 0.04300
0.36660 2.68312 0.08560 0.05400 0.04300
0.36270 2.69572 0.08510 0.05400 0.04300
0.35880 2.69870 0.08434 0.05400 0.04300
0.35490 2.70181 0.08363 0.05400 0.04300
0.35100 2.69020 0.08221 0.05400 0.04300
0.34710 2.67681 0.08002 0.05400 0.04300
0.34320 2.66370 0.07878 0.05400 0.04300
0.33930 2.64459 0.07626 0.05400 0.04300
0.33540 2.62563 0.07454 0.05400 0.04300
0.33150 2.61369 0.07275 0.05400 0.04300
0.32760 2.59956 0.07132 0.05400 0.04300
0.32370 2.58481 0.06955 0.05400 0.04300
0.31980 2.57535 0.06831 0.05400 0.04300
0.31590 2.56861 0.06723 0.05400 0.04300
0.31200 2.56378 0.06608 0.05400 0.04300
0.30810 2.56618 0.06549 0.05400 0.04300
0.30420 2.56759 0.06502 0.05400 0.04300
0.30030 2.57516 0.06468 0.05400 0.04300
0.29640 2.58882 0.06445 0.05400 0.04300
0.29250 2.59926 0.06441 0.05400 0.04300
0.28860 2.62963 0.06480 0.05400 0.04300
0.28470 2.64391 0.06486 0.05400 0.04300
0.28080 2.68208 0.06574 0.05400 0.04300
0.27690 2.69586 0.06593 0.05400 0.04300
0.27300 2.74889 0.06714 0.05400 0.04300
0.26910 2.77216 0.06734 0.05400 0.04300
0.26520 2.81330 0.06805 0.05400 0.04300
0.26130 2.83797 0.06789 0.05400 0.04300
0.25740 2.85190 0.06685 0.05400 0.04300
0.25350 2.85381 0.06627 0.05400 0.04300
0.24960 2.83655 0.06363 0.05400 0.04300
0.24570 2.80179 0.06022 0.05400 0.04300
0.24180 2.77073 0.05777 0.05400 0.04300
0.23790 2.71164 0.05362 0.05400 0.04300
0.23400 2.65426 0.05002 0.05400 0.04300
0.23010 2.59246 0.04655 0.05400 0.04300
0.22620 2.56140 0.04475 0.05400 0.04300
0.22230 2.48913 0.04097 0.05400 0.04300
0.21840 2.44644 0.03875 0.05400 0.04300
0.21450 2.39728 0.03634 0.05400 0.04300
0.21060 2.36134 0.03453 0.05400 0.04300
0.20670 2.30888 0.03199 0.05400 0.04300
0.20280 2.29218 0.03119 0.05400 0.04300
0.19890 2.25389 0.02930 0.05400 0.04300
0.19500 2.22516 0.02785 0.05400 0.04300
0.19110 2.20134 0.02671 0.05400 0.04300
0.18720 2.17505 0.02541 0.05400 0.04300
0.18330 2.16091 0.02457 0.05400 0.04300
0.17940 2.14817 0.02391 0.05400 0.04300
0.17550 2.14214 0.02349 0.05400 0.04300
0.17160 2.13550 0.02296 0.05400 0.04300
0.16770 2.13794 0.02272 0.05400 0.04300
0.16380 2.13818 0.02248 0.05400 0.04300
0.15990 2.14595 0.02243 0.05400 0.04300
0.15600 2.15222 0.02227 0.05400 0.04300
0.15210 2.15485 0.02225 0.05400 0.04300
0.14820 2.15860 0.02200 0.05400 0.04300
0.14430 2.16158 0.02178 0.05400 0.04300
0.14040 2.15441 0.02119 0.05400 0.04300
0.13650 2.14708 0.02076 0.05400 0.04300
0.13260 2.13117 0.01996 0.05400 0.04300
0.12870 2.11281 0.01914 0.05400 0.04300
0.12480 2.09919 0.01863 0.05400 0.04300
0.12090 2.07179 0.01757 0.05400 0.04300
0.11700 2.04829 0.01668 0.05400 0.04300
0.11310 2.02461 0.01587 0.05400 0.04300
0.10920 1.99905 0.01500 0.05400 0.04300
0.10530 1.96358 0.01387 0.05400 0.04300
0.10140 1.94722 0.01341 0.05400 0.04300
0.09750 1.91781 0.01256 0.05400 0.04300
0.09360 1.88959 0.01187 0.05400 0.04300
0.08970 1.84764 0.01084 0.05400 0.04300
0.08580 1.82718 0.01041 0.05400 0.04300
0.08190 1.78379 0.00945 0.05400 0.04300
0.07800 1.74859 0.00873 0.05400 0.04300
0.07410 1.73234 0.00836 0.05400 0.04300
0.07020 1.70179 0.00772 0.05400 0.04300
0.06630 1.67402 0.00706 0.05400 0.04300
0.06240 1.65673 0.00660 0.05400 0.04300
0.05850 1.64069 0.00613 0.05400 0.04300
0.05460 1.62736 0.00563 0.05400 0.04300
0.05070 1.62266 0.00538 0.05400 0.04300
0.04680 1.61661 0.00506 0.05400 0.04300
0.04290 1.61313 0.00475 0.05400 0.04300
0.03900 1.60953 0.00440 0.05400 0.04300
0.03510 1.60868 0.00425 0.05400 0.04300
0.03120 1.60613 0.00397 0.05400 0.04300
0.02730 1.60598 0.00380 0.05400 0.04300
0.02340 1.60384 0.00368 0.05400 0.04300
0.01950 1.60347 0.00354 0.05400 0.04300
0.01560 1.60072 0.00337 0.05400 0.04300
0.01170 1.60003 0.00329 0.05400 0.04300
0.00780 1.60042 0.00321 0.05400 0.04300
0.00390 1.60075 0.00315 0.05400 0.04300
0.00000 1.60117 0.00315 0.05400 0.04300
-0.00390 1.60121 0.00314 0.05400 0.04300
-0.00780 1.60342 0.00318 0.05400 0.04300
-0.01170 1.60524 0.00324 0.05400 0.04300
-0.01560 1.60647 0.00330 0.05400 0.04300
-0.01950 1.60834 0.00345 0.05400 0.04300
-0.02340 1.61090 0.00357 0.05400 0.04300
-0.02730 1.61276 0.00370 0.05400 0.04300
-0.03120 1.61509 0.00385 0.05400 0.04300
-0.03510 1.61880 0.00413 0.05400 0.04300
-0.03900 1.62024 0.00426 0.05400 0.04300
-0.04290 1.62532 0.00462 0.05400 0.04300
-0.04680 1.62946 0.00491 0.05400 0.04300
-0.05070 1.63550 0.00524 0.05400 0.04300
-0.05460 1.64023 0.00548 0.05400 0.04300
-0.05850 1.65247 0.00598 0.05400 0.04300
-0.06240 1.66610 0.00643 0.05400 0.04300
-0.06630 1.68199 0.00689 0.05400 0.04300
-0.07020 1.70695 0.00753 0.05400 0.04300
-0.07410 1.73420 0.00816 0.05400 0.04300
-0.07800 1.75105 0.00853 0.05400 0.04300
-0.08190 1.78397 0.00923 0.05400 0.04300
-0.08580 1.83072 0.01021 0.05400 0.04300
-0.08970 1.85123 0.01063 0.05400 0.04300
-0.09360 1.90022 0.01168 0.05400 0.04300
-0.09750 1.93016 0.01235 0.05400 0.04300
-0.10140 1.96858 0.01325 0.05400 0.04300
-0.10530 1.98756 0.01371 0.05400 0.04300
-0.10920 2.03341 0.01490 0.05400 0.04300
-0.11310 2.06535 0.01580 0.05400 0.04300
-0.11700 2.09432 0.01667 0.05400 0.04300
-0.12090 2.12441 0.01763 0.05400 0.04300
-0.12480 2.15825 0.01879 0.05400 0.04300
-0.12870 2.17414 0.01939 0.05400 0.04300
-0.13260 2.19592 0.02031 0.05400 0.04300
-0.13650 2.21355 0.02125 0.05400 0.04300
-0.14040 2.22049 0.02177 0.05400 0.04300
-0.14430 2.22056 0.02246 0.05400 0.04300
-0.14820 2.21178 0.02271 0.05400 0.04300
-0.15210 2.18948 0.02291 0.05400 0.04300
-0.15600 2.18347 0.02293 0.05400 0.04300
-0.15990 2.15288 0.02295 0.05400 0.04300
-0.16380 2.13302 0.02296 0.05400 0.04300
-0.16770 2.11144 0.02301 0.05400 0.04300
-0.17160 2.09475 0.02314 0.05400 0.04300
-0.17550 2.08466 0.02346 0.05400 0.04300
-0.17940 2.08406 0.02377 0.05400 0.04300
-0.18330 2.08730 0.02423 0.05400 0.04300
-0.18720 2.09790 0.02490 0.05400 0.04300
-0.19110 2.12006 0.02591 0.05400 0.04300
-0.19500 2.14021 0.02678 0.05400 0.04300
-0.19890 2.16930 0.02795 0.05400 0.04300
-0.20280 2.20403 0.02940 0.05400 0.04300
-0.20670 2.21977 0.03002 0.05400 0.04300
-0.21060 2.26600 0.03196 0.05400 0.04300
-0.21450 2.29406 0.03326 0.05400 0.04300
-0.21840 2.33476 0.03506 0.05400 0.04300
-0.22230 2.36713 0.03662 0.05400 0.04300
-0.22620 2.42512 0.03937 0.05400 0.04300
-0.23010 2.45607 0.04084 0.05400 0.04300
-0.23400 2.50503 0.04334 0.05400 0.04300
-0.23790 2.56410 0.04636 0.05400 0.04300
-0.24180 2.63514 0.05022 0.05400 0.04300
-0.24570 2.68176 0.05287 0.05400 0.04300
-0.24960 2.75282 0.05720 0.05400 0.04300
-0.25350 2.81705 0.06147 0.05400 0.04300
-0.25740 2.83579 0.06289 0.05400 0.04300
-0.26130 2.88289 0.06652 0.05400 0.04300
-0.26520 2.91065 0.06900 0.05400 0.04300
-0.26910 2.91502 0.07032 0.05400 0.04300
-0.27300 2.91385 0.07093 0.05400 0.04300
-0.27690 2.89398 0.07103 0.05400 0.04300
-0.28080 2.87301 0.07030 0.05400 0.04300
-0.28470 2.85234 0.07018 0.05400 0.04300
-0.28860 2.81513 0.06884 0.05400 0.04300
-0.29250 2.77394 0.06807 0.05400 0.04300
-0.29640 2.74769 0.06748 0.05400 0.04300
-0.30030 2.70671 0.06679 0.05400 0.04300
-0.30420 2.67132 0.06619 0.05400 0.04300
-0.30810 2.65751 0.06639 0.05400 0.04300
-0.31200 2.62862 0.06618 0.05400 0.04300
-0.31590 2.60536 0.06653 0.05400 0.04300
-0.31980 2.59612 0.06721 0.05400 0.04300
-0.32370 2.58970 0.06798 0.05400 0.04300
-0.32760 2.59501 0.06952 0.05400 0.04300
-0.33150 2.60242 0.07066 0.05400 0.04300
-0.33540 2.63209 0.07359 0.05400 0.04300
-0.33930 2.64318 0.07486 0.05400 0.04300
-0.34320 2.68906 0.07916 0.05400 0.04300
-0.34710 2.69715 0.08013 0.05400 0.04300
-0.35100 2.74444 0.08490 0.05400 0.04300
-0.35490 2.75170 0.08622 0.05400 0.04300
-0.35880 2.78485 0.08985 0.05400 0.04300
-0.36270 2.79429 0.09183 0.05400 0.04300
-0.36660 2.80387 0.09443 0.05400 0.04300
-0.37050 2.80416 0.09565 0.05400 0.04300
-0.37440 2.80218 0.09772 0.05400 0.04300
-0.37830 2.79486 0.09958 0.05400 0.04300
-0.38220 2.78953 0.10083 0.05400 0.04300
-0.38610 2.77883 0.10200 0.05400 0.04300
-0.39000 2.76904 0.10363 0.05400 0.04300
-0.39390 2.75208 0.10542 0.05400 0.04300
-0.39780 2.74768 0.10643 0.05400 0.04300
-0.40170 2.72716 0.10756 0.05400 0.04300
-0.40560 2.72404 0.10910 0.05400 0.04300
-0.40950 2.70277 0.10852 0.05400 0.04300
-0.41340 2.70284 0.11004 0.05400 0.04300
-0.41730 2.68194 0.11019 0.05400 0.04300
-0.42120 2.67659 0.11081 0.05400 0.04300
-0.42510 2.67463 0.11246 0.05400 0.04300
-0.42900 2.68374 0.11505 0.05400 0.04300
-0.43290 2.69548 0.11854 0.05400 0.04300
-0.43680 2.69625 0.11963 0.05400 0.04300
-0.44070 2.71750 0.12482 0.05400 0.04300
-0.44460 2.73872 0.13078 0.05400 0.04300
-0.44850 2.75856 0.13554 0.05400 0.04300
-0.45240 2.78141 0.14313 0.05400 0.04300
-0.45630 2.80928 0.15121 0.05400 0.04300
-0.46020 2.81227 0.15826 0.05400 0.04300
-0.46410 2.83188 0.16387 0.05400 0.04300
-0.46800 2.84783 0.17604 0.05400 0.04300
-0.47190 2.87369 0.18560 0.05400 0.04300
-0.47580 2.89316 0.19870 0.05400 0.04300
-0.47970 2.91722 0.20979 0.05400 0.04300
-0.48360 2.95558 0.23118 0.05400 0.04300
-0.48750 2.96741 0.23865 0.05400 0.04300
-0.49140 2.99028 0.25741 0.05400 0.04300
-0.49530 nan 0.26883 0.05400 0.04300
-0.49920 nan 0.27786 0.05400 0.04300
-0.50310 nan 0.28182 0.05400 0.04300
-0.50700 nan 0.28078 0.05400 0.04300
-0.51090 nan 0.27944 0.05400 0.04300
-0.51480 nan 0.27800 0.05400 0.04300
-0.51870 nan 0.28082 0.05400 0.04300
-0.52260 nan 0.28757 0.05400 0.04300
-0.52650 nan 0.30461 0.05400 0.04300
-0.53040 nan 0.32640 0.05400 0.04300
-0.53430 nan 0.38341 0.05400 0.04300
-0.53820 nan 0.39879 0.05400 0.04300
-0.54210 nan 0.50762 0.05400 0.04300
-0.54600 nan 0.62944 0.05400 0.04300
-0.54990 nan 0.79687 0.05400 0.04300
-0.55380 nan 1.08080 0.05400 0.04300
-0.55770 nan 1.64420 0.05400 0.04300
-0.56160 nan 2.27246 0.05400 0.04300
-0.56550 nan 3.97079 0.05400 0.04300
-0.56940 nan 25.39081 0.05400 0.04300
-0.57330 nan 30.56920 0.05400 0.04300
-0.57720 nan 6.38359 0.05400 0.04300
-0.58110 nan 4.89494 0.05400 0.04300
-0.58500 nan 6.50747 0.05400 0.04300
-0.58890 nan 6.34583 0.05400 0.04300
-0.59280 nan 6.78556 0.05400 0.04300
-0.59670 nan 7.57554 0.05400 0.04300
-0.60060 nan 9.81337 0.05400 0.04300
-0.60450 nan 24.45833 0.05400 0.04300
-0.60840 nan 2.72799 0.05400 0.04300
-0.61230 nan 2.08578 0.05400 0.04300
-0.61620 nan 1.77046 0.05400 0.04300
-0.62010 nan 1.75092 0.05400 0.04300
-0.62400 nan 1.85569 0.05400 0.04300
-0.62790 nan 1.77105 0.05400 0.04300
-0.63180 nan 2.37865 0.05400 0.04300
-0.63570 nan 2.21443 0.05400 0.04300
-0.63960 nan 2.19545 0.05400 0.04300
-0.64350 nan 1.59641 0.05400 0.04300
-0.64740 nan 1.99969 0.05400 0.04300
-0.65130 nan 1.32426 0.05400 0.04300
-0.65520 nan 1.65128 0.05400 0.04300
-0.65910 nan 1.35510 0.05400 0.04300
-0.66300 nan 1.91759 0.05400 0.04300
-0.66690 nan 1.52965 0.05400 0.04300
-0.67080 nan 2.33458 0.05400 0.04300
-0.67470 nan 9.54285 0.05400 0.04300
-0.67860 nan 8.02802 0.05400 0.04300
-0.68250 nan 4.24327 0.05400 0.04300
-0.68640 nan 2.14535 0.05400 0.04300
-0.69030 nan 1.96021 0.05400 0.04300
-0.69420 nan 1.60245 0.05400 0.04300
-0.69810 nan 1.52656 0.05400 0.04300
-0.70200 nan 1.52330 0.05400 0.04300
-0.70590 nan 1.59649 0.05400 0.04300
-0.70980 nan 1.67143 0.05400 0.04300
-0.71370 nan 1.78245 0.05400 0.04300
-0.71760 nan 1.84940 0.05400 0.04300
-0.72150 nan 2.24966 0.05400 0.04300
-0.72540 nan 3.36534 0.05400 0.04300
-0.72930 nan 5.05914 0.05400 0.04300
-0.73320 nan 6.30830 0.05400 0.04300
-0.73710 nan 4.91983 0.05400 0.04300
-0.74100 nan 4.49155 0.05400 0.04300
-0.74490 nan 5.50864 0.05400 0.04300
-0.74880 nan 8.70145 0.05400 0.04300
-0.75270 nan 3.51855 0.05400 0.04300
-0.75660 nan 2.52476 0.05400 0.04300
-0.76050 nan 1.86995 0.05400 0.04300
-0.76440 nan 1.71291 0.05400 0.04300
-0.76830 nan 1.57543 0.05400 0.04300
-0.77220 nan 1.58019 0.05400 0.04300
-0.77610 nan 1.58076 0.05400 0.04300
-0.78000 nan 1.56926 0.05400 0.04300
-0.78390 nan 1.61810 0.05400 0.04300
-0.78780 nan 1.54061 0.05400 0.04300
-0.79170 nan 1.68064 0.05400 0.04300
-0.79560 nan 1.62486 0.05400 0.04300
-0.79950 nan 1.79668 0.05400 0.04300
-0.80340 nan 1.89361 0.05400 0.04300
-0.80730 nan 2.40631 0.05400 0.04300
-0.81120 nan 3.33668 0.05400 0.04300
-0.81510 nan 9.44523 0.05400 0.04300
-0.81900 nan 88.16552 0.05400 0.04300
-0.82290 nan -11.66728 0.05400 0.04300
-0.82680 nan -4.97673 0.05400 0.04300
-0.83070 nan -4.10440 0.05400 0.04300
-0.83460 nan -4.59141 0.05400 0.04300
-0.83850 nan -6.89381 0.05400 0.04300
-0.84240 nan -13.06472 0.05400 0.04300
-0.84630 nan -16.02337 0.05400 0.04300
-0.85020 nan -25.97453 0.05400 0.04300
-0.85410 nan 4.00855 0.05400 0.04300
-0.85800 nan -18.89203 0.05400 0.04300
-0.86190 nan 13.96192 0.05400 0.04300
-0.86580 nan 25.47111 0.05400 0.04300
-0.86970 nan 24.04216 0.05400 0.04300
-0.87360 nan 0.54227 0.05400 0.04300
-0.87750 nan -6.99200 0.05400 0.04300
-0.88140 nan 7.29370 0.05400 0.04300
-0.88530 nan -4.17210 0.05400 0.04300
-0.88920 nan -4.58063 0.05400 0.04300
-0.89310 nan -4.29427 0.05400 0.04300
-0.89700 nan -4.41280 0.05400 0.04300
-0.90090 nan -2.64821 0.05400 0.04300
-0.90480 nan -2.10958 0.05400 0.04300
-0.90870 nan -1.93438 0.05400 0.04300
-0.91260 nan -2.72484 0.05400 0.04300
-0.91650 nan -4.13098 0.05400 0.04300
-0.92040 nan -3.71713 0.05400 0.04300
-0.92430 nan -46.14693 0.05400 0.04300
-0.92820 nan 4.74128 0.05400 0.04300
-0.93210 nan 90.90240 0.05400 0.04300
-0.93600 nan 6.02287 0.05400 0.04300
-0.93990 nan 3.65723 0.05400 0.04300
-0.94380 nan 3.27751 0.05400 0.04300
-0.94770 nan 2.58808 0.05400 0.04300
-0.95160 nan 2.10764 0.05400 0.04300
-0.95550 nan 2.04807 0.05400 0.04300
-0.95940 nan 2.29342 0.05400 0.04300
-0.96330 nan 2.64623 0.05400 0.04300
-0.96720 nan 4.71071 0.05400 0.04300
-0.97110 nan 5.38772 0.05400 0.04300
-0.97500 nan 21.07712 0.05400 0.04300
-0.97890 nan -16.44665 0.05400 0.04300
-0.98280 nan -39.50200 0.05400 0.04300
-0.98670 nan -24.88279 0.05400 0.04300
-0.99060 nan -6.12291 0.05400 0.04300
-0.99450 nan -2.87590 0.05400 0.04300
-0.99840 nan -3.06371 0.05400 0.04300
-1.00230 nan -2.28831 0.05400 0.04300
