1.00170 0.00001 0.00000 0.05341 0.04255
0.99640 0.00001 0.00000 0.05341 0.04255
0.99110 0.00001 0.00000 0.05341 0.04255
0.98580 0.00001 0.00000 0.05341 0.04255
0.98050 0.00001 0.00000 0.05341 0.04255
0.97520 0.00001 0.00000 0.05341 0.04255
0.96990 0.00001 0.00000 0.05341 0.04255
0.96460 0.00001 0.00000 0.05341 0.04255
0.95930 0.00001 0.00000 0.05341 0.04255
0.95400 0.00001 0.00000 0.05341 0.04255
0.94870 0.00001 0.00000 0.05341 0.04255
0.94340 0.00000 0.00000 0.05341 0.04255
0.93810 0.00000 0.00000 0.05341 0.04255
0.93280 0.00000 0.00000 0.05341 0.04255
0.92750 -0.00000 0.00000 0.05341 0.04255
0.92220 -0.00000 0.00000 0.05341 0.04255
0.91690 -0.00000 0.00000 0.05341 0.04255
0.91160 -0.00000 0.00000 0.05341 0.04255
0.90630 -0.00000 0.00000 0.05341 0.04255
0.90100 -0.00000 0.00000 0.05341 0.04255
0.89570 -0.00000 0.00000 0.05341 0.04255
0.89040 -0.00000 0.00000 0.05341 0.04255
0.88510 0.00000 0.00000 0.05341 0.04255
0.87980 -0.00000 0.00000 0.05341 0.04255
0.87450 -0.00000 0.00000 0.05341 0.04255
0.86920 -0.00000 0.00000 0.05341 0.04255
0.86390 -0.00000 0.00000 0.05341 0.04255
0.85860 -0.00000 0.00000 0.05341 0.04255
0.85330 -0.00000 0.00000 0.05341 0.04255
0.84800 -0.00000 0.00000 0.05341 0.04255
0.84270 -0.00000 0.00000 0.05341 0.04255
0.83740 -0.00000 0.00000 0.05341 0.04255
0.83210 -0.00000 0.00000 0.05341 0.04255
0.82680 -0.00000 0.00000 0.05341 0.04255
0.82150 -0.00000 0.00000 0.05341 0.04255
0.81620 -0.00000 0.00000 0.05341 0.04255
0.81090 -0.00000 0.00000 0.05341 0.04255
0.80560 -0.00000 0.00000 0.05341 0.04255
0.80030 -0.00000 0.00000 0.05341 0.04255
0.79500 -0.00000 0.00000 0.05341 0.04255
0.78970 -0.00000 0.00000 0.05341 0.04255
0.78440 -0.00000 0.00000 0.05341 0.04255
0.77910 0.00000 0.00000 0.05341 0.04255
0.77380 0.00000 0.00000 0.05341 0.04255
0.76850 0.00000 0.00000 0.05341 0.04255
0.76320 0.00000 0.00000 0.05341 0.04255
0.75790 0.00000 0.00000 0.05341 0.04255
0.75260 0.00000 0.00000 0.05341 0.04255
0.74730 0.00000 0.00000 0.05341 0.04255
0.74200 0.00000 0.00000 0.05341 0.04255
0.73670 0.00000 0.00000 0.05341 0.04255
0.73140 0.00000 0.00000 0.05341 0.04255
0.72610 0.00000 0.00000 0.05341 0.04255
0.72080 0.00000 0.00000 0.05341 0.04255
0.71550 0.00000 0.00000 0.05341 0.04255
0.71020 0.00000 0.00000 0.05341 0.04255
0.70490 0.00000 0.00000 0.05341 0.04255
0.69960 0.00000 0.00000 0.05341 0.04255
0.69430 0.00000 0.00000 0.05341 0.04255
0.68900 0.00000 0.00000 0.05341 0.04255
0.68370 0.00001 0.00000 0.05341 0.04255
0.67840 0.00001 0.00000 0.05341 0.04255
0.67310 0.00001 0.00000 0.05341 0.04255
0.66780 0.00001 0.00000 0.05341 0.04255
0.66250 0.00001 0.00000 0.05341 0.04255
0.65720 0.00001 0.00000 0.05341 0.04255
0.65190 0.00001 0.00000 0.05341 0.04255
0.64660 0.00001 0.00000 0.05341 0.04255
0.64130 0.00001 0.00000 0.05341 0.04255
0.63600 0.00001 0.00000 0.05341 0.04255
0.63070 0.00001 0.00000 0.05341 0.04255
0.62540 0.00000 0.00000 0.05341 0.04255
0.62010 0.00000 0.00000 0.05341 0.04255
0.61480 -0.00000 0.00000 0.05341 0.04255
0.60950 -0.00000 0.00000 0.05341 0.04255
0.60420 -0.00000 0.00000 0.05341 0.04255
0.59890 0.00000 0.00000 0.05341 0.04255
0.59360 0.00001 0.00000 0.05341 0.04255
0.58830 0.00001 0.00000 0.05341 0.04255
0.58300 0.00001 0.00000 0.05341 0.04255
0.57770 0.00001 0.00000 0.05341 0.04255
0.57240 0.00001 0.00000 0.05341 0.04255
0.56710 0.00001 0.00000 0.05341 0.04255
0.56180 0.00000 0.00000 0.05341 0.04255
0.55650 0.00000 0.00000 0.05341 0.04255
0.55120 0.00001 0.00000 0.05341 0.04255
0.54590 0.00001 0.00000 0.05341 0.04255
0.54060 0.00001 0.00000 0.05341 0.04255
0.53530 0.00001 0.00000 0.05341 0.04255
0.53000 0.00002 0.00000 0.05341 0.04255
0.52470 0.00002 0.00000 0.05341 0.04255
0.51940 0.00002 0.00000 0.05341 0.04255
0.51410 0.00002 0.00000 0.05341 0.04255
0.50880 0.00002 0.00000 0.05341 0.04255
0.50350 0.00002 0.00000 0.05341 0.04255
0.49820 0.00003 0.00000 0.05341 0.04255
0.49290 0.00003 0.00000 0.05341 0.04255
0.48760 0.00003 0.00000 0.05341 0.04255
0.48230 0.00003 0.00000 0.05341 0.04255
0.47700 0.00003 0.00000 0.05341 0.04255
0.47170 0.00004 0.00000 0.05341 0.04255
0.46640 0.00004 0.00000 0.05341 0.04255
0.46110 0.00005 0.00000 0.05341 0.04255
0.45580 0.00006 0.00000 0.05341 0.04255
0.45050 0.00007 0.00000 0.05341 0.04255
0.44520 0.00007 0.00000 0.05341 0.04255
0.43990 0.00008 0.00000 0.05341 0.04255
0.43460 0.00008 0.00000 0.05341 0.04255
0.42930 0.00008 0.00000 0.05341 0.04255
0.42400 0.00008 0.00000 0.05341 0.04255
0.41870 0.00008 0.00000 0.05341 0.04255
0.41340 0.00008 0.00000 0.05341 0.04255
0.40810 0.00009 0.00000 0.05341 0.04255
0.40280 0.00009 0.00000 0.05341 0.04255
0.39750 0.00009 0.00000 0.05341 0.04255
0.39220 0.00010 0.00000 0.05341 0.04255
0.38690 0.00010 0.00000 0.05341 0.04255
0.38160 0.00010 0.00000 0.05341 0.04255
0.37630 0.00010 0.00000 0.05341 0.04255
0.37100 0.00010 0.00000 0.05341 0.04255
0.36570 0.00010 0.00000 0.05341 0.04255
0.36040 0.00010 0.00000 0.05341 0.04255
0.35510 0.00010 0.00000 0.05341 0.04255
0.34980 0.00010 0.00000 0.05341 0.04255
0.34450 0.00011 0.00000 0.05341 0.04255
0.33920 0.00011 0.00000 0.05341 0.04255
0.33390 0.00012 0.00000 0.05341 0.04255
0.32860 0.00012 0.00000 0.05341 0.04255
0.32330 0.00012 0.00000 0.05341 0.04255
0.31800 0.00013 0.00000 0.05341 0.04255
0.31270 0.00013 0.00000 0.05341 0.04255
0.30740 0.00013 0.00000 0.05341 0.04255
0.30210 0.00013 0.00000 0.05341 0.04255
0.29680 0.00013 0.00000 0.05341 0.04255
0.29150 0.00013 0.00000 0.05341 0.04255
0.28620 0.00013 0.00000 0.05341 0.04255
0.28090 0.00013 0.00000 0.05341 0.04255
0.27560 0.00013 0.00000 0.05341 0.04255
0.27030 0.00012 0.00000 0.05341 0.04255
0.26500 0.00012 0.00000 0.05341 0.04255
0.25970 0.00012 0.00000 0.05341 0.04255
0.25440 0.00013 0.00000 0.05341 0.04255
0.24910 0.00013 0.00000 0.05341 0.04255
0.24380 0.00014 0.00001 0.05341 0.04255
0.23850 0.00015 0.00000 0.05341 0.04255
0.23320 0.00017 0.00001 0.05341 0.04255
0.22790 0.00019 0.00000 0.05341 0.04255
0.22260 0.00021 0.00000 0.05341 0.04255
0.21730 0.00023 0.00000 0.05341 0.04255
0.21200 0.00025 0.00000 0.05341 0.04255
0.20670 0.00026 0.00000 0.05341 0.04255
0.20140 0.00029 0.00001 0.05341 0.04255
0.19610 0.00031 0.00001 0.05341 0.04255
0.19080 0.00034 0.00001 0.05341 0.04255
0.18550 0.00036 0.00001 0.05341 0.04255
0.18020 0.00038 0.00000 0.05341 0.04255
0.17490 0.00039 0.00000 0.05341 0.04255
0.16960 0.00039 0.00000 0.05341 0.04255
0.16430 0.00040 0.00000 0.05341 0.04255
0.15900 0.00040 0.00000 0.05341 0.04255
0.15370 0.00040 0.00000 0.05341 0.04255
0.14840 0.00040 0.00000 0.05341 0.04255
0.14310 0.00042 0.00000 0.05341 0.04255
0.13780 0.00042 0.00000 0.05341 0.04255
0.13250 0.00045 0.00001 0.05341 0.04255
0.12720 0.00047 0.00001 0.05341 0.04255
0.12190 0.00051 0.00001 0.05341 0.04255
0.11660 0.00054 0.00001 0.05341 0.04255
0.11130 0.00060 0.00001 0.05341 0.04255
0.10600 0.00065 0.00002 0.05341 0.04255
0.10070 0.00069 0.00001 0.05341 0.04255
0.09540 0.00076 0.00002 0.05341 0.04255
0.09010 0.00085 0.00002 0.05341 0.04255
0.08480 0.00093 0.00002 0.05341 0.04255
0.07950 0.00104 0.00002 0.05341 0.04255
0.07420 0.00120 0.00003 0.05341 0.04255
0.06890 0.00130 0.00006 0.05341 0.04255
0.06360 0.00144 0.00006 0.05341 0.04255
0.05830 0.00160 0.00004 0.05341 0.04255
0.05300 0.00183 0.00005 0.05341 0.04255
0.04770 0.00193 0.00003 0.05341 0.04255
0.04240 0.00216 0.00003 0.05341 0.04255
0.03710 0.00232 0.00003 0.05341 0.04255
0.03180 0.00245 0.00006 0.05341 0.04255
0.02650 0.00261 0.00005 0.05341 0.04255
0.02120 0.00282 0.00006 0.05341 0.04255
0.01590 0.00295 0.00006 0.05341 0.04255
0.01060 0.00308 0.00003 0.05341 0.04255
0.00530 0.00319 0.00002 0.05341 0.04255
0.00000 0.00318 0.00005 0.05341 0.04255
-0.00530 0.00320 0.00002 0.05341 0.04255
-0.01060 0.00313 0.00003 0.05341 0.04255
-0.01590 0.00302 0.00004 0.05341 0.04255
-0.02120 0.00291 0.00005 0.05341 0.04255
-0.02650 0.00268 0.00006 0.05341 0.04255
-0.03180 0.00253 0.00005 0.05341 0.04255
-0.03710 0.00238 0.00005 0.05341 0.04255
-0.04240 0.00223 0.00003 0.05341 0.04255
-0.04770 0.00198 0.00004 0.05341 0.04255
-0.05300 0.00188 0.00005 0.05341 0.04255
-0.05830 0.00164 0.00004 0.05341 0.04255
-0.06360 0.00148 0.00006 0.05341 0.04255
-0.06890 0.00133 0.00004 0.05341 0.04255
-0.07420 0.00123 0.00002 0.05341 0.04255
-0.07950 0.00107 0.00002 0.05341 0.04255
-0.08480 0.00096 0.00002 0.05341 0.04255
-0.09010 0.00087 0.00002 0.05341 0.04255
-0.09540 0.00077 0.00001 0.05341 0.04255
-0.10070 0.00070 0.00002 0.05341 0.04255
-0.10600 0.00066 0.00002 0.05341 0.04255
-0.11130 0.00060 0.00001 0.05341 0.04255
-0.11660 0.00053 0.00001 0.05341 0.04255
-0.12190 0.00051 0.00001 0.05341 0.04255
-0.12720 0.00046 0.00001 0.05341 0.04255
-0.13250 0.00043 0.00001 0.05341 0.04255
-0.13780 0.00041 0.00000 0.05341 0.04255
-0.14310 0.00040 0.00000 0.05341 0.04255
-0.14840 0.00039 0.00000 0.05341 0.04255
-0.15370 0.00039 0.00000 0.05341 0.04255
-0.15900 0.00039 0.00000 0.05341 0.04255
-0.16430 0.00039 0.00000 0.05341 0.04255
-0.16960 0.00039 0.00000 0.05341 0.04255
-0.17490 0.00039 0.00000 0.05341 0.04255
-0.18020 0.00038 0.00000 0.05341 0.04255
-0.18550 0.00037 0.00001 0.05341 0.04255
-0.19080 0.00035 0.00000 0.05341 0.04255
-0.19610 0.00033 0.00001 0.05341 0.04255
-0.20140 0.00031 0.00001 0.05341 0.04255
-0.20670 0.00028 0.00001 0.05341 0.04255
-0.21200 0.00028 0.00000 0.05341 0.04255
-0.21730 0.00025 0.00000 0.05341 0.04255
-0.22260 0.00024 0.00000 0.05341 0.04255
-0.22790 0.00022 0.00000 0.05341 0.04255
-0.23320 0.00020 0.00001 0.05341 0.04255
-0.23850 0.00018 0.00000 0.05341 0.04255
-0.24380 0.00017 0.00001 0.05341 0.04255
-0.24910 0.00015 0.00000 0.05341 0.04255
-0.25440 0.00014 0.00000 0.05341 0.04255
-0.25970 0.00013 0.00000 0.05341 0.04255
-0.26500 0.00012 0.00000 0.05341 0.04255
-0.27030 0.00012 0.00000 0.05341 0.04255
-0.27560 0.00012 0.00000 0.05341 0.04255
-0.28090 0.00012 0.00000 0.05341 0.04255
-0.28620 0.00012 0.00000 0.05341 0.04255
-0.29150 0.00012 0.00000 0.05341 0.04255
-0.29680 0.00012 0.00000 0.05341 0.04255
-0.30210 0.00013 0.00000 0.05341 0.04255
-0.30740 0.00013 0.00000 0.05341 0.04255
-0.31270 0.00013 0.00000 0.05341 0.04255
-0.31800 0.00013 0.00000 0.05341 0.04255
-0.32330 0.00013 0.00000 0.05341 0.04255
-0.32860 0.00012 0.00000 0.05341 0.04255
-0.33390 0.00012 0.00000 0.05341 0.04255
-0.33920 0.00011 0.00000 0.05341 0.04255
-0.34450 0.00010 0.00000 0.05341 0.04255
-0.34980 0.00010 0.00000 0.05341 0.04255
-0.35510 0.00010 0.00000 0.05341 0.04255
-0.36040 0.00009 0.00000 0.05341 0.04255
-0.36570 0.00009 0.00000 0.05341 0.04255
-0.37100 0.00009 0.00000 0.05341 0.04255
-0.37630 0.00008 0.00000 0.05341 0.04255
-0.38160 0.00008 0.00000 0.05341 0.04255
-0.38690 0.00008 0.00000 0.05341 0.04255
-0.39220 0.00008 0.00000 0.05341 0.04255
-0.39750 0.00008 0.00000 0.05341 0.04255
-0.40280 0.00008 0.00000 0.05341 0.04255
-0.40810 0.00008 0.00000 0.05341 0.04255
-0.41340 0.00008 0.00000 0.05341 0.04255
-0.41870 0.00008 0.00000 0.05341 0.04255
-0.42400 0.00008 0.00000 0.05341 0.04255
-0.42930 0.00007 0.00000 0.05341 0.04255
-0.43460 0.00007 0.00000 0.05341 0.04255
-0.43990 0.00007 0.00000 0.05341 0.04255
-0.44520 0.00006 0.00000 0.05341 0.04255
-0.45050 0.00006 0.00000 0.05341 0.04255
-0.45580 0.00006 0.00000 0.05341 0.04255
-0.46110 0.00005 0.00000 0.05341 0.04255
-0.46640 0.00005 0.00000 0.05341 0.04255
-0.47170 0.00005 0.00000 0.05341 0.04255
-0.47700 0.00004 0.00000 0.05341 0.04255
-0.48230 0.00004 0.00000 0.05341 0.04255
-0.48760 0.00003 0.00000 0.05341 0.04255
-0.49290 0.00003 0.00000 0.05341 0.04255
-0.49820 0.00003 0.00000 0.05341 0.04255
-0.50350 0.00003 0.00000 0.05341 0.04255
-0.50880 0.00003 0.00000 0.05341 0.04255
-0.51410 0.00003 0.00000 0.05341 0.04255
-0.51940 0.00003 0.00000 0.05341 0.04255
-0.52470 0.00003 0.00000 0.05341 0.04255
-0.53000 0.00003 0.00000 0.05341 0.04255
-0.53530 0.00002 0.00000 0.05341 0.04255
-0.54060 0.00002 0.00000 0.05341 0.04255
-0.54590 0.00001 0.00000 0.05341 0.04255
-0.55120 0.00001 0.00000 0.05341 0.04255
-0.55650 0.00001 0.00000 0.05341 0.04255
-0.56180 0.00000 0.00000 0.05341 0.04255
-0.56710 0.00000 0.00000 0.05341 0.04255
-0.57240 -0.00000 0.00000 0.05341 0.04255
-0.57770 -0.00000 0.00000 0.05341 0.04255
-0.58300 -0.00000 0.00000 0.05341 0.04255
-0.58830 -0.00000 0.00000 0.05341 0.04255
-0.59360 -0.00000 0.00000 0.05341 0.04255
-0.59890 0.00000 0.00000 0.05341 0.04255
-0.60420 0.00000 0.00000 0.05341 0.04255
-0.60950 0.00000 0.00000 0.05341 0.04255
-0.61480 0.00001 0.00000 0.05341 0.04255
-0.62010 0.00001 0.00000 0.05341 0.04255
-0.62540 0.00001 0.00000 0.05341 0.04255
-0.63070 0.00001 0.00000 0.05341 0.04255
-0.63600 0.00001 0.00000 0.05341 0.04255
-0.64130 0.00000 0.00000 0.05341 0.04255
-0.64660 0.00001 0.00000 0.05341 0.04255
-0.65190 0.00001 0.00000 0.05341 0.04255
-0.65720 0.00001 0.00000 0.05341 0.04255
-0.66250 0.00001 0.00000 0.05341 0.04255
-0.66780 0.00001 0.00000 0.05341 0.04255
-0.67310 0.00000 0.00000 0.05341 0.04255
-0.67840 0.00000 0.00000 0.05341 0.04255
-0.68370 -0.00000 0.00000 0.05341 0.04255
-0.68900 -0.00000 0.00000 0.05341 0.04255
-0.69430 -0.00001 0.00000 0.05341 0.04255
-0.69960 -0.00001 0.00000 0.05341 0.04255
-0.70490 -0.00001 0.00000 0.05341 0.04255
-0.71020 -0.00001 0.00000 0.05341 0.04255
-0.71550 -0.00001 0.00000 0.05341 0.04255
-0.72080 -0.00001 0.00000 0.05341 0.04255
-0.72610 -0.00001 0.00000 0.05341 0.04255
-0.73140 -0.00001 0.00000 0.05341 0.04255
-0.73670 -0.00000 0.00000 0.05341 0.04255
-0.74200 -0.00000 0.00000 0.05341 0.04255
-0.74730 0.00000 0.00000 0.05341 0.04255
-0.75260 0.00000 0.00000 0.05341 0.04255
-0.75790 0.00001 0.00000 0.05341 0.04255
-0.76320 0.00001 0.00000 0.05341 0.04255
-0.76850 0.00001 0.00000 0.05341 0.04255
-0.77380 0.00001 0.00000 0.05341 0.04255
-0.77910 0.00001 0.00000 0.05341 0.04255
-0.78440 0.00001 0.00000 0.05341 0.04255
-0.78970 0.00001 0.00000 0.05341 0.04255
-0.79500 0.00001 0.00000 0.05341 0.04255
-0.80030 0.00001 0.00000 0.05341 0.04255
-0.80560 0.00000 0.00000 0.05341 0.04255
-0.81090 0.00000 0.00000 0.05341 0.04255
-0.81620 0.00000 0.00000 0.05341 0.04255
-0.82150 -0.00000 0.00000 0.05341 0.04255
-0.82680 -0.00000 0.00000 0.05341 0.04255
-0.83210 -0.00000 0.00000 0.05341 0.04255
-0.83740 -0.00000 0.00000 0.05341 0.04255
-0.84270 -0.00000 0.00000 0.05341 0.04255
-0.84800 0.00000 0.00000 0.05341 0.04255
-0.85330 0.00000 0.00000 0.05341 0.04255
-0.85860 0.00000 0.00000 0.05341 0.04255
-0.86390 -0.00000 0.00000 0.05341 0.04255
-0.86920 -0.00000 0.00000 0.05341 0.04255
-0.87450 -0.00001 0.00000 0.05341 0.04255
-0.87980 -0.00001 0.00000 0.05341 0.04255
-0.88510 -0.00001 0.00000 0.05341 0.04255
-0.89040 -0.00000 0.00000 0.05341 0.04255
-0.89570 0.00000 0.00000 0.05341 0.04255
-0.90100 0.00000 0.00000 0.05341 0.04255
-0.90630 0.00001 0.00000 0.05341 0.04255
-0.91160 0.00001 0.00000 0.05341 0.04255
-0.91690 0.00001 0.00000 0.05341 0.04255
-0.92220 0.00001 0.00000 0.05341 0.04255
-0.92750 0.00000 0.00000 0.05341 0.04255
-0.93280 -0.00000 0.00000 0.05341 0.04255
-0.93810 -0.00001 0.00000 0.05341 0.04255
-0.94340 -0.00001 0.00000 0.05341 0.04255
-0.94870 -0.00001 0.00000 0.05341 0.04255
-0.95400 -0.00001 0.00000 0.05341 0.04255
-0.95930 -0.00001 0.00000 0.05341 0.04255
-0.96460 -0.00000 0.00000 0.05341 0.04255
-0.96990 -0.00000 0.00000 0.05341 0.04255
-0.97520 0.00000 0.00000 0.05341 0.04255
-0.98050 -0.00000 0.00000 0.05341 0.04255
-0.98580 -0.00000 0.00000 0.05341 0.04255
-0.99110 -0.00000 0.00000 0.05341 0.04255
-0.99640 -0.00000 0.00000 0.05341 0.04255
-1.00170 -0.00000 0.00000 0.05341 0.04255
