1.00230 nan -2.58834 0.05400 0.04300
0.99840 nan -2.14803 0.05400 0.04300
0.99450 nan -1.97094 0.05400 0.04300
0.99060 nan -1.71945 0.05400 0.04300
0.98670 nan -1.60226 0.05400 0.04300
0.98280 nan -1.73424 0.05400 0.04300
0.97890 nan -2.27664 0.05400 0.04300
0.97500 nan -3.31925 0.05400 0.04300
0.97110 nan -9.65920 0.05400 0.04300
0.96720 nan -13.62680 0.05400 0.04300
0.96330 nan -73.10816 0.05400 0.04300
0.95940 nan -155.45313 0.05400 0.04300
0.95550 nan -24.67402 0.05400 0.04300
0.95160 nan -37.97911 0.05400 0.04300
0.94770 nan -44.56616 0.05400 0.04300
0.94380 nan -33.19042 0.05400 0.04300
0.93990 nan -6.84626 0.05400 0.04300
0.93600 nan -5.61447 0.05400 0.04300
0.93210 nan -4.44451 0.05400 0.04300
0.92820 nan -3.87549 0.05400 0.04300
0.92430 nan -3.29307 0.05400 0.04300
0.92040 nan -3.35068 0.05400 0.04300
0.91650 nan -3.56335 0.05400 0.04300
0.91260 nan -26.88898 0.05400 0.04300
0.90870 nan -13.58901 0.05400 0.04300
0.90480 nan -21.79588 0.05400 0.04300
0.90090 nan -10856.08805 0.05400 0.04300
0.89700 nan 4.10931 0.05400 0.04300
0.89310 nan 3.09519 0.05400 0.04300
0.88920 nan 2.30028 0.05400 0.04300
0.88530 nan 1.97939 0.05400 0.04300
0.88140 nan 1.90886 0.05400 0.04300
0.87750 nan 1.95154 0.05400 0.04300
0.87360 nan 2.11056 0.05400 0.04300
0.86970 nan 2.41572 0.05400 0.04300
0.86580 nan 2.57772 0.05400 0.04300
0.86190 nan 3.17393 0.05400 0.04300
0.85800 nan 4.03485 0.05400 0.04300
0.85410 nan 5.55859 0.05400 0.04300
0.85020 nan 7.65312 0.05400 0.04300
0.84630 nan 17.05693 0.05400 0.04300
0.84240 nan 88.97740 0.05400 0.04300
0.83850 nan -10.65060 0.05400 0.04300
0.83460 nan 60.95114 0.05400 0.04300
0.83070 nan 37.82804 0.05400 0.04300
0.82680 nan 24.30833 0.05400 0.04300
0.82290 nan 8.58331 0.05400 0.04300
0.81900 nan 5.11136 0.05400 0.04300
0.81510 nan 4.18471 0.05400 0.04300
0.81120 nan 2.94704 0.05400 0.04300
0.80730 nan 2.16484 0.05400 0.04300
0.80340 nan 1.77068 0.05400 0.04300
0.79950 nan 1.48746 0.05400 0.04300
0.79560 nan 1.26513 0.05400 0.04300
0.79170 nan 1.20805 0.05400 0.04300
0.78780 nan 1.28078 0.05400 0.04300
0.78390 nan 1.20251 0.05400 0.04300
0.78000 nan 1.41517 0.05400 0.04300
0.77610 nan 1.35557 0.05400 0.04300
0.77220 nan 1.59286 0.05400 0.04300
0.76830 nan 1.56040 0.05400 0.04300
0.76440 nan 1.80855 0.05400 0.04300
0.76050 nan 1.92456 0.05400 0.04300
0.75660 nan 2.27068 0.05400 0.04300
0.75270 nan 2.60916 0.05400 0.04300
0.74880 nan 3.95381 0.05400 0.04300
0.74490 nan 8.22811 0.05400 0.04300
0.74100 nan 27.53969 0.05400 0.04300
0.73710 nan 88.07856 0.05400 0.04300
0.73320 nan 22.67542 0.05400 0.04300
0.72930 nan 3.73664 0.05400 0.04300
0.72540 nan 3.71336 0.05400 0.04300
0.72150 nan 2.86421 0.05400 0.04300
0.71760 nan 2.82337 0.05400 0.04300
0.71370 nan 2.88843 0.05400 0.04300
0.70980 nan 2.84438 0.05400 0.04300
0.70590 nan 3.43597 0.05400 0.04300
0.70200 nan 4.08360 0.05400 0.04300
0.69810 nan 7.66478 0.05400 0.04300
0.69420 nan -94.85513 0.05400 0.04300
0.69030 nan -6.64906 0.05400 0.04300
0.68640 nan -4.82014 0.05400 0.04300
0.68250 nan -3.10257 0.05400 0.04300
0.67860 nan -2.43204 0.05400 0.04300
0.67470 nan -2.16555 0.05400 0.04300
0.67080 nan -1.89314 0.05400 0.04300
0.66690 nan -1.78613 0.05400 0.04300
0.66300 nan -1.81413 0.05400 0.04300
0.65910 nan -1.84147 0.05400 0.04300
0.65520 nan -2.19224 0.05400 0.04300
0.65130 nan -2.89683 0.05400 0.04300
0.64740 nan -6.50439 0.05400 0.04300
0.64350 nan -51.08165 0.05400 0.04300
0.63960 nan 235.82746 0.05400 0.04300
0.63570 nan 11.26703 0.05400 0.04300
0.63180 nan 8.55851 0.05400 0.04300
0.62790 nan 3.39624 0.05400 0.04300
0.62400 nan 2.72989 0.05400 0.04300
0.62010 nan 2.27328 0.05400 0.04300
0.61620 nan 2.13838 0.05400 0.04300
0.61230 nan 2.24550 0.05400 0.04300
0.60840 nan 2.31130 0.05400 0.04300
0.60450 nan 2.65831 0.05400 0.04300
0.60060 nan 3.12034 0.05400 0.04300
0.59670 nan 3.47105 0.05400 0.04300
0.59280 nan 4.31963 0.05400 0.04300
0.58890 nan 5.12631 0.05400 0.04300
0.58500 nan 5.67083 0.05400 0.04300
0.58110 nan 8.76313 0.05400 0.04300
0.57720 nan 16.07517 0.05400 0.04300
0.57330 nan 473.18863 0.05400 0.04300
0.56940 nan 45.93493 0.05400 0.04300
0.56550 nan 12.84878 0.05400 0.04300
0.56160 nan 6.66062 0.05400 0.04300
0.55770 nan 6.31600 0.05400 0.04300
0.55380 nan 5.31224 0.05400 0.04300
0.54990 nan 3.00531 0.05400 0.04300
0.54600 nan 2.45024 0.05400 0.04300
0.54210 nan 2.14806 0.05400 0.04300
0.53820 nan 1.73123 0.05400 0.04300
0.53430 nan 1.69828 0.05400 0.04300
0.53040 nan 1.47003 0.05400 0.04300
0.52650 nan 1.46358 0.05400 0.04300
0.52260 nan 1.36769 0.05400 0.04300
0.51870 nan 1.37928 0.05400 0.04300
0.51480 nan 1.28805 0.05400 0.04300
0.51090 nan 1.24247 0.05400 0.04300
0.50700 nan 1.20307 0.05400 0.04300
0.50310 nan 1.16240 0.05400 0.04300
0.49920 nan 1.14103 0.05400 0.04300
0.49530 nan 1.12581 0.05400 0.04300
0.49140 nan 1.13135 0.05400 0.04300
0.48750 nan 1.15064 0.05400 0.04300
0.48360 nan 1.17340 0.05400 0.04300
0.47970 nan 1.27345 0.05400 0.04300
0.47580 nan 1.30441 0.05400 0.04300
0.47190 nan 1.47066 0.05400 0.04300
0.46800 nan 1.51563 0.05400 0.04300
0.46410 nan 1.78529 0.05400 0.04300
0.46020 nan 2.04653 0.05400 0.04300
0.45630 nan 2.88582 0.05400 0.04300
0.45240 nan 12.04620 0.05400 0.04300
0.44850 nan 5.47112 0.05400 0.04300
0.44460 nan 2.96756 0.05400 0.04300
0.44070 nan 1.92469 0.05400 0.04300
0.43680 nan 1.71875 0.05400 0.04300
0.43290 nan 1.75546 0.05400 0.04300
0.42900 nan 2.22178 0.05400 0.04300
0.42510 nan 4.18148 0.05400 0.04300
0.42120 nan 10.57482 0.05400 0.04300
0.41730 nan 3.99544 0.05400 0.04300
0.41340 nan 1.78979 0.05400 0.04300
0.40950 nan 1.40281 0.05400 0.04300
0.40560 nan 1.30754 0.05400 0.04300
0.40170 nan 1.28846 0.05400 0.04300
0.39780 nan 1.46104 0.05400 0.04300
0.39390 nan 1.71724 0.05400 0.04300
0.39000 nan 2.81440 0.05400 0.04300
0.38610 nan 19.21432 0.05400 0.04300
0.38220 nan 3.75115 0.05400 0.04300
0.37830 nan 72.34747 0.05400 0.04300
0.37440 nan 5.42986 0.05400 0.04300
0.37050 nan 11.26462 0.05400 0.04300
0.36660 nan 5.84719 0.05400 0.04300
0.36270 nan 1.61390 0.05400 0.04300
0.35880 nan 1.17303 0.05400 0.04300
0.35490 nan 0.87963 0.05400 0.04300
0.35100 nan 0.70971 0.05400 0.04300
0.34710 nan 0.53270 0.05400 0.04300
0.34320 nan 0.46643 0.05400 0.04300
0.33930 nan 0.37542 0.05400 0.04300
0.33540 nan 0.31689 0.05400 0.04300
0.33150 nan 0.27847 0.05400 0.04300
0.32760 3.12517 0.24827 0.05400 0.04300
0.32370 2.99196 0.20989 0.05400 0.04300
0.31980 2.88803 0.18327 0.05400 0.04300
0.31590 2.80469 0.16429 0.05400 0.04300
0.31200 2.72417 0.14631 0.05400 0.04300
0.30810 2.65352 0.13038 0.05400 0.04300
0.30420 2.61888 0.12326 0.05400 0.04300
0.30030 2.59466 0.11460 0.05400 0.04300
0.29640 2.58187 0.10687 0.05400 0.04300
0.29250 2.59004 0.10369 0.05400 0.04300
0.28860 2.62043 0.09990 0.05400 0.04300
0.28470 2.64408 0.09774 0.05400 0.04300
0.28080 2.68873 0.09735 0.05400 0.04300
0.27690 2.70658 0.09644 0.05400 0.04300
0.27300 2.75537 0.09607 0.05400 0.04300
0.26910 2.77744 0.09507 0.05400 0.04300
0.26520 2.79490 0.09411 0.05400 0.04300
0.26130 2.80048 0.09229 0.05400 0.04300
0.25740 2.78909 0.08936 0.05400 0.04300
0.25350 2.78022 0.08805 0.05400 0.04300
0.24960 2.75029 0.08423 0.05400 0.04300
0.24570 2.71336 0.08019 0.05400 0.04300
0.24180 2.69173 0.07782 0.05400 0.04300
0.23790 2.65633 0.07416 0.05400 0.04300
0.23400 2.63288 0.07151 0.05400 0.04300
0.23010 2.61308 0.06916 0.05400 0.04300
0.22620 2.60499 0.06805 0.05400 0.04300
0.22230 2.59351 0.06601 0.05400 0.04300
0.21840 2.58932 0.06493 0.05400 0.04300
0.21450 2.58817 0.06390 0.05400 0.04300
0.21060 2.58973 0.06319 0.05400 0.04300
0.20670 2.59259 0.06212 0.05400 0.04300
0.20280 2.59364 0.06175 0.05400 0.04300
0.19890 2.59820 0.06078 0.05400 0.04300
0.19500 2.60186 0.05986 0.05400 0.04300
0.19110 2.60577 0.05893 0.05400 0.04300
0.18720 2.60422 0.05761 0.05400 0.04300
0.18330 2.60131 0.05587 0.05400 0.04300
0.17940 2.59270 0.05421 0.05400 0.04300
0.17550 2.58218 0.05272 0.05400 0.04300
0.17160 2.55360 0.04987 0.05400 0.04300
0.16770 2.51725 0.04708 0.05400 0.04300
0.16380 2.48340 0.04424 0.05400 0.04300
0.15990 2.44078 0.04173 0.05400 0.04300
0.15600 2.38516 0.03812 0.05400 0.04300
0.15210 2.37194 0.03739 0.05400 0.04300
0.14820 2.31738 0.03415 0.05400 0.04300
0.14430 2.28575 0.03243 0.05400 0.04300
0.14040 2.24012 0.02989 0.05400 0.04300
0.13650 2.21882 0.02872 0.05400 0.04300
0.13260 2.18617 0.02701 0.05400 0.04300
0.12870 2.16250 0.02575 0.05400 0.04300
0.12480 2.14651 0.02500 0.05400 0.04300
0.12090 2.12087 0.02371 0.05400 0.04300
0.11700 2.10061 0.02269 0.05400 0.04300
0.11310 2.08202 0.02178 0.05400 0.04300
0.10920 2.06190 0.02079 0.05400 0.04300
0.10530 2.03184 0.01943 0.05400 0.04300
0.10140 2.02076 0.01888 0.05400 0.04300
0.09750 1.99298 0.01775 0.05400 0.04300
0.09360 1.97501 0.01692 0.05400 0.04300
0.08970 1.93747 0.01549 0.05400 0.04300
0.08580 1.92418 0.01493 0.05400 0.04300
0.08190 1.88512 0.01354 0.05400 0.04300
0.07800 1.85891 0.01254 0.05400 0.04300
0.07410 1.84141 0.01192 0.05400 0.04300
0.07020 1.81609 0.01097 0.05400 0.04300
0.06630 1.78799 0.00991 0.05400 0.04300
0.06240 1.77137 0.00927 0.05400 0.04300
0.05850 1.74680 0.00832 0.05400 0.04300
0.05460 1.72353 0.00742 0.05400 0.04300
0.05070 1.71016 0.00693 0.05400 0.04300
0.04680 1.69494 0.00633 0.05400 0.04300
0.04290 1.67922 0.00575 0.05400 0.04300
0.03900 1.66121 0.00507 0.05400 0.04300
0.03510 1.65452 0.00482 0.05400 0.04300
0.03120 1.64090 0.00430 0.05400 0.04300
0.02730 1.63353 0.00404 0.05400 0.04300
0.02340 1.62773 0.00382 0.05400 0.04300
0.01950 1.62236 0.00363 0.05400 0.04300
0.01560 1.61513 0.00339 0.05400 0.04300
0.01170 1.61170 0.00329 0.05400 0.04300
0.00780 1.60623 0.00319 0.05400 0.04300
0.00390 1.60257 0.00314 0.05400 0.04300
0.00000 1.60092 0.00314 0.05400 0.04300
-0.00390 1.59964 0.00316 0.05400 0.04300
-0.00780 1.59876 0.00323 0.05400 0.04300
-0.01170 1.59892 0.00335 0.05400 0.04300
-0.01560 1.60013 0.00346 0.05400 0.04300
-0.01950 1.60479 0.00373 0.05400 0.04300
-0.02340 1.60934 0.00392 0.05400 0.04300
-0.02730 1.61490 0.00416 0.05400 0.04300
-0.03120 1.62187 0.00442 0.05400 0.04300
-0.03510 1.63752 0.00496 0.05400 0.04300
-0.03900 1.64487 0.00520 0.05400 0.04300
-0.04290 1.66775 0.00592 0.05400 0.04300
-0.04680 1.68760 0.00652 0.05400 0.04300
-0.05070 1.70948 0.00716 0.05400 0.04300
-0.05460 1.72784 0.00770 0.05400 0.04300
-0.05850 1.76292 0.00869 0.05400 0.04300
-0.06240 1.80143 0.00978 0.05400 0.04300
-0.06630 1.82678 0.01050 0.05400 0.04300
-0.07020 1.86790 0.01172 0.05400 0.04300
-0.07410 1.90299 0.01279 0.05400 0.04300
-0.07800 1.92477 0.01346 0.05400 0.04300
-0.08190 1.95783 0.01454 0.05400 0.04300
-0.08580 1.99705 0.01594 0.05400 0.04300
-0.08970 2.01164 0.01648 0.05400 0.04300
-0.09360 2.04250 0.01775 0.05400 0.04300
-0.09750 2.06108 0.01851 0.05400 0.04300
-0.10140 2.07943 0.01944 0.05400 0.04300
-0.10530 2.08960 0.01991 0.05400 0.04300
-0.10920 2.11025 0.02106 0.05400 0.04300
-0.11310 2.12706 0.02196 0.05400 0.04300
-0.11700 2.14239 0.02281 0.05400 0.04300
-0.12090 2.16209 0.02385 0.05400 0.04300
-0.12480 2.18835 0.02521 0.05400 0.04300
-0.12870 2.20350 0.02600 0.05400 0.04300
-0.13260 2.23265 0.02745 0.05400 0.04300
-0.13650 2.27177 0.02942 0.05400 0.04300
-0.14040 2.29848 0.03081 0.05400 0.04300
-0.14430 2.35025 0.03369 0.05400 0.04300
-0.14820 2.38808 0.03583 0.05400 0.04300
-0.15210 2.44053 0.03937 0.05400 0.04300
-0.15600 2.45234 0.04019 0.05400 0.04300
-0.15990 2.49777 0.04395 0.05400 0.04300
-0.16380 2.52558 0.04643 0.05400 0.04300
-0.16770 2.55187 0.04937 0.05400 0.04300
-0.17160 2.57208 0.05206 0.05400 0.04300
-0.17550 2.59807 0.05531 0.05400 0.04300
-0.17940 2.61086 0.05721 0.05400 0.04300
-0.18330 2.63230 0.05985 0.05400 0.04300
-0.18720 2.65471 0.06312 0.05400 0.04300
-0.19110 2.67138 0.06581 0.05400 0.04300
-0.19500 2.68311 0.06812 0.05400 0.04300
-0.19890 2.68459 0.07003 0.05400 0.04300
-0.20280 2.67475 0.07160 0.05400 0.04300
-0.20670 2.66918 0.07206 0.05400 0.04300
-0.21060 2.64199 0.07275 0.05400 0.04300
-0.21450 2.61428 0.07238 0.05400 0.04300
-0.21840 2.59495 0.07281 0.05400 0.04300
-0.22230 2.57561 0.07276 0.05400 0.04300
-0.22620 2.57333 0.07429 0.05400 0.04300
-0.23010 2.57424 0.07500 0.05400 0.04300
-0.23400 2.59732 0.07767 0.05400 0.04300
-0.23790 2.61995 0.08036 0.05400 0.04300
-0.24180 2.66313 0.08477 0.05400 0.04300
-0.24570 2.69004 0.08770 0.05400 0.04300
-0.24960 2.73889 0.09313 0.05400 0.04300
-0.25350 2.78686 0.09898 0.05400 0.04300
-0.25740 2.80466 0.10131 0.05400 0.04300
-0.26130 2.84701 0.10749 0.05400 0.04300
-0.26520 2.87582 0.11282 0.05400 0.04300
-0.26910 2.90311 0.11828 0.05400 0.04300
-0.27300 2.92172 0.12321 0.05400 0.04300
-0.27690 2.93455 0.12952 0.05400 0.04300
-0.28080 2.94111 0.13292 0.05400 0.04300
-0.28470 2.93272 0.13653 0.05400 0.04300
-0.28860 2.93546 0.14140 0.05400 0.04300
-0.29250 2.92264 0.14701 0.05400 0.04300
-0.29640 2.92395 0.15142 0.05400 0.04300
-0.30030 2.92976 0.15959 0.05400 0.04300
-0.30420 2.95474 0.17011 0.05400 0.04300
-0.30810 2.96914 0.17656 0.05400 0.04300
-0.31200 3.02445 0.19497 0.05400 0.04300
-0.31590 3.07727 0.21445 0.05400 0.04300
-0.31980 3.13476 0.23561 0.05400 0.04300
-0.32370 nan 0.26276 0.05400 0.04300
-0.32760 nan 0.29902 0.05400 0.04300
-0.33150 nan 0.31995 0.05400 0.04300
-0.33540 nan 0.34485 0.05400 0.04300
-0.33930 nan 0.37002 0.05400 0.04300
-0.34320 nan 0.38626 0.05400 0.04300
-0.34710 nan 0.39746 0.05400 0.04300
-0.35100 nan 0.39654 0.05400 0.04300
-0.35490 nan 0.40707 0.05400 0.04300
-0.35880 nan 0.39688 0.05400 0.04300
-0.36270 nan 0.40680 0.05400 0.04300
-0.36660 nan 0.42516 0.05400 0.04300
-0.37050 nan 0.44773 0.05400 0.04300
-0.37440 nan 0.50457 0.05400 0.04300
-0.37830 nan 0.61462 0.05400 0.04300
-0.38220 nan 0.73358 0.05400 0.04300
-0.38610 nan 0.99376 0.05400 0.04300
-0.39000 nan 1.62074 0.05400 0.04300
-0.39390 nan 7.50039 0.05400 0.04300
-0.39780 nan 10.77210 0.05400 0.04300
-0.40170 nan 9.72869 0.05400 0.04300
-0.40560 nan 3.10782 0.05400 0.04300
-0.40950 nan 11.44081 0.05400 0.04300
-0.41340 nan 12.51758 0.05400 0.04300
-0.41730 nan 6.63395 0.05400 0.04300
-0.42120 nan 14.04852 0.05400 0.04300
-0.42510 nan 9.64948 0.05400 0.04300
-0.42900 nan 2.39160 0.05400 0.04300
-0.43290 nan 1.67094 0.05400 0.04300
-0.43680 nan 1.51923 0.05400 0.04300
-0.44070 nan 1.49875 0.05400 0.04300
-0.44460 nan 1.76206 0.05400 0.04300
-0.44850 nan 2.07631 0.05400 0.04300
-0.45240 nan 3.90988 0.05400 0.04300
-0.45630 nan 65.07944 0.05400 0.04300
-0.46020 nan 16.49586 0.05400 0.04300
-0.46410 nan 4.87422 0.05400 0.04300
-0.46800 nan 4.39438 0.05400 0.04300
-0.47190 nan 3.36324 0.05400 0.04300
-0.47580 nan 27.29021 0.05400 0.04300
-0.47970 nan 62.28809 0.05400 0.04300
-0.48360 nan 11.37744 0.05400 0.04300
-0.48750 nan 5.54985 0.05400 0.04300
-0.49140 nan 3.32979 0.05400 0.04300
-0.49530 nan 2.95337 0.05400 0.04300
-0.49920 nan 3.47544 0.05400 0.04300
-0.50310 nan 5.49137 0.05400 0.04300
-0.50700 nan 9.07071 0.05400 0.04300
-0.51090 nan 11.06728 0.05400 0.04300
-0.51480 nan 6.93628 0.05400 0.04300
-0.51870 nan 4.39616 0.05400 0.04300
-0.52260 nan 8.17862 0.05400 0.04300
-0.52650 nan 5.37162 0.05400 0.04300
-0.53040 nan 54.49133 0.05400 0.04300
-0.53430 nan -7.97420 0.05400 0.04300
-0.53820 nan -6.87664 0.05400 0.04300
-0.54210 nan -4.02802 0.05400 0.04300
-0.54600 nan -4.01253 0.05400 0.04300
-0.54990 nan -13.35722 0.05400 0.04300
-0.55380 nan -5.12505 0.05400 0.04300
-0.55770 nan -198.86233 0.05400 0.04300
-0.56160 nan -6.70455 0.05400 0.04300
-0.56550 nan -7.88441 0.05400 0.04300
-0.56940 nan -13.54274 0.05400 0.04300
-0.57330 nan -520.53033 0.05400 0.04300
-0.57720 nan -7.18761 0.05400 0.04300
-0.58110 nan -3.82602 0.05400 0.04300
-0.58500 nan -2.74120 0.05400 0.04300
-0.58890 nan -2.70426 0.05400 0.04300
-0.59280 nan -2.73527 0.05400 0.04300
-0.59670 nan -2.81094 0.05400 0.04300
-0.60060 nan -3.01679 0.05400 0.04300
-0.60450 nan -3.16135 0.05400 0.04300
-0.60840 nan -3.45484 0.05400 0.04300
-0.61230 nan -3.78481 0.05400 0.04300
-0.61620 nan -4.03423 0.05400 0.04300
-0.62010 nan -4.88471 0.05400 0.04300
-0.62400 nan -6.87655 0.05400 0.04300
-0.62790 nan -7.91876 0.05400 0.04300
-0.63180 nan -6.27567 0.05400 0.04300
-0.63570 nan -4.45308 0.05400 0.04300
-0.63960 nan -3.88909 0.05400 0.04300
-0.64350 nan -3.16841 0.05400 0.04300
-0.64740 nan -3.01253 0.05400 0.04300
-0.65130 nan -3.43125 0.05400 0.04300
-0.65520 nan -3.84073 0.05400 0.04300
-0.65910 nan -21.38270 0.05400 0.04300
-0.66300 nan -102.68156 0.05400 0.04300
-0.66690 nan 6.18085 0.05400 0.04300
-0.67080 nan 7.78650 0.05400 0.04300
-0.67470 nan 4.38377 0.05400 0.04300
-0.67860 nan 3.31446 0.05400 0.04300
-0.68250 nan 3.07603 0.05400 0.04300
-0.68640 nan 3.32158 0.05400 0.04300
-0.69030 nan 3.49916 0.05400 0.04300
-0.69420 nan 4.76807 0.05400 0.04300
-0.69810 nan 16.42840 0.05400 0.04300
-0.70200 nan 42.82400 0.05400 0.04300
-0.70590 nan 3.74950 0.05400 0.04300
-0.70980 nan -14.57176 0.05400 0.04300
-0.71370 nan -4.46612 0.05400 0.04300
-0.71760 nan 7.41520 0.05400 0.04300
-0.72150 nan 7.52974 0.05400 0.04300
-0.72540 nan 20.43393 0.05400 0.04300
-0.72930 nan 5.29848 0.05400 0.04300
-0.73320 nan -12.35424 0.05400 0.04300
-0.73710 nan -112.62169 0.05400 0.04300
-0.74100 nan -8.21850 0.05400 0.04300
-0.74490 nan -3.80609 0.05400 0.04300
-0.74880 nan -2.59069 0.05400 0.04300
-0.75270 nan -1.96437 0.05400 0.04300
-0.75660 nan -1.88629 0.05400 0.04300
-0.76050 nan -1.89937 0.05400 0.04300
-0.76440 nan -2.12507 0.05400 0.04300
-0.76830 nan -2.55295 0.05400 0.04300
-0.77220 nan -3.08226 0.05400 0.04300
-0.77610 nan -5.92357 0.05400 0.04300
-0.78000 nan -13.64754 0.05400 0.04300
-0.78390 nan -41.42337 0.05400 0.04300
-0.78780 nan -13.69826 0.05400 0.04300
-0.79170 nan -7.61552 0.05400 0.04300
-0.79560 nan -6.57793 0.05400 0.04300
-0.79950 nan -6.58327 0.05400 0.04300
-0.80340 nan -5.47846 0.05400 0.04300
-0.80730 nan -5.71544 0.05400 0.04300
-0.81120 nan -4.62836 0.05400 0.04300
-0.81510 nan -3.55012 0.05400 0.04300
-0.81900 nan -3.23761 0.05400 0.04300
-0.82290 nan -2.47344 0.05400 0.04300
-0.82680 nan -1.93497 0.05400 0.04300
-0.83070 nan -1.73741 0.05400 0.04300
-0.83460 nan -1.56253 0.05400 0.04300
-0.83850 nan -1.48734 0.05400 0.04300
-0.84240 nan -1.59566 0.05400 0.04300
-0.84630 nan -1.62341 0.05400 0.04300
-0.85020 nan -2.01602 0.05400 0.04300
-0.85410 nan -2.48742 0.05400 0.04300
-0.85800 nan -11.86543 0.05400 0.04300
-0.86190 nan -8.19031 0.05400 0.04300
-0.86580 nan -3.74518 0.05400 0.04300
-0.86970 nan -3.48009 0.05400 0.04300
-0.87360 nan -3.72221 0.05400 0.04300
-0.87750 nan -4.20106 0.05400 0.04300
-0.88140 nan -5.26453 0.05400 0.04300
-0.88530 nan -8.69475 0.05400 0.04300
-0.88920 nan -6.51331 0.05400 0.04300
-0.89310 nan 9.35325 0.05400 0.04300
-0.89700 nan 7.91325 0.05400 0.04300
-0.90090 nan 3.11684 0.05400 0.04300
-0.90480 nan 2.83952 0.05400 0.04300
-0.90870 nan 1.93931 0.05400 0.04300
-0.91260 nan 1.91672 0.05400 0.04300
-0.91650 nan 1.41921 0.05400 0.04300
-0.92040 nan 1.25602 0.05400 0.04300
-0.92430 nan 1.10952 0.05400 0.04300
-0.92820 nan 1.00546 0.05400 0.04300
-0.93210 nan 0.91985 0.05400 0.04300
-0.93600 nan 0.82707 0.05400 0.04300
-0.93990 nan 0.80046 0.05400 0.04300
-0.94380 nan 0.75468 0.05400 0.04300
-0.94770 nan 0.74420 0.05400 0.04300
-0.95160 nan 0.71726 0.05400 0.04300
-0.95550 nan 0.71341 0.05400 0.04300
-0.95940 nan 0.72747 0.05400 0.04300
-0.96330 nan 0.72969 0.05400 0.04300
-0.96720 nan 0.77562 0.05400 0.04300
-0.97110 nan 0.78241 0.05400 0.04300
-0.97500 nan 0.86684 0.05400 0.04300
-0.97890 nan 0.91903 0.05400 0.04300
-0.98280 nan 1.07412 0.05400 0.04300
-0.98670 nan 1.20308 0.05400 0.04300
-0.99060 nan 1.58610 0.05400 0.04300
-0.99450 nan 1.69493 0.05400 0.04300
-0.99840 nan 2.58611 0.05400 0.04300
-1.00230 nan 2.49650 0.05400 0.04300
