1.00340 nan 19.53658 0.05798 0.05355
0.99760 nan -135.72300 0.05798 0.05355
0.99180 nan -4.11117 0.05798 0.05355
0.98600 nan -6.13791 0.05798 0.05355
0.98020 nan -5.92494 0.05798 0.05355
0.97440 nan -12.38676 0.05798 0.05355
0.96860 nan -17.30000 0.05798 0.05355
0.96280 nan -140.75446 0.05798 0.05355
0.95700 nan -56.13975 0.05798 0.05355
0.95120 nan 13.35043 0.05798 0.05355
0.94540 nan 14.37731 0.05798 0.05355
0.93960 nan 30.25945 0.05798 0.05355
0.93380 nan 22.07568 0.05798 0.05355
0.92800 nan 10.35683 0.05798 0.05355
0.92220 nan 32.24203 0.05798 0.05355
0.91640 nan 18.04438 0.05798 0.05355
0.91060 nan 13.27929 0.05798 0.05355
0.90480 nan 16.99865 0.05798 0.05355
0.89900 nan -10.43227 0.05798 0.05355
0.89320 nan -13.43554 0.05798 0.05355
0.88740 nan -3.21277 0.05798 0.05355
0.88160 nan -2.26115 0.05798 0.05355
0.87580 nan -2.29022 0.05798 0.05355
0.87000 nan -3.94546 0.05798 0.05355
0.86420 nan 3.22199 0.05798 0.05355
0.85840 nan -1.91399 0.05798 0.05355
0.85260 nan 2.56278 0.05798 0.05355
0.84680 nan 1.45126 0.05798 0.05355
0.84100 nan 0.84515 0.05798 0.05355
0.83520 nan 0.58251 0.05798 0.05355
0.82940 nan 0.49825 0.05798 0.05355
0.82360 nan 0.47845 0.05798 0.05355
0.81780 nan 0.53615 0.05798 0.05355
0.81200 nan 0.59311 0.05798 0.05355
0.80620 nan 1.22142 0.05798 0.05355
0.80040 nan 3.33608 0.05798 0.05355
0.79460 nan -15.16238 0.05798 0.05355
0.78880 nan -9.18738 0.05798 0.05355
0.78300 nan 19.73836 0.05798 0.05355
0.77720 nan -10.93274 0.05798 0.05355
0.77140 nan -2.90593 0.05798 0.05355
0.76560 nan -1.79206 0.05798 0.05355
0.75980 nan -1.95311 0.05798 0.05355
0.75400 nan -2.33155 0.05798 0.05355
0.74820 nan -3.22186 0.05798 0.05355
0.74240 nan -4.80672 0.05798 0.05355
0.73660 nan 26.64171 0.05798 0.05355
0.73080 nan 7.16156 0.05798 0.05355
0.72500 nan -32.06282 0.05798 0.05355
0.71920 nan 4.92697 0.05798 0.05355
0.71340 nan 3.42769 0.05798 0.05355
0.70760 nan 1.65093 0.05798 0.05355
0.70180 nan 1.30693 0.05798 0.05355
0.69600 nan 1.32551 0.05798 0.05355
0.69020 nan 1.03955 0.05798 0.05355
0.68440 nan 1.14580 0.05798 0.05355
0.67860 nan 1.08508 0.05798 0.05355
0.67280 nan 1.19113 0.05798 0.05355
0.66700 nan 1.32366 0.05798 0.05355
0.66120 nan 1.63403 0.05798 0.05355
0.65540 nan 2.53899 0.05798 0.05355
0.64960 nan 4.57770 0.05798 0.05355
0.64380 nan 8.61226 0.05798 0.05355
0.63800 nan 8.69612 0.05798 0.05355
0.63220 nan 2.92803 0.05798 0.05355
0.62640 nan 1.85801 0.05798 0.05355
0.62060 nan 1.31689 0.05798 0.05355
0.61480 nan 1.21543 0.05798 0.05355
0.60900 nan 1.15537 0.05798 0.05355
0.60320 nan 1.26639 0.05798 0.05355
0.59740 nan 1.43476 0.05798 0.05355
0.59160 nan 2.77329 0.05798 0.05355
0.58580 nan 6.37114 0.05798 0.05355
0.58000 nan -14.13345 0.05798 0.05355
0.57420 nan -4.03443 0.05798 0.05355
0.56840 nan -2.19072 0.05798 0.05355
0.56260 nan -2.50886 0.05798 0.05355
0.55680 nan -2.71247 0.05798 0.05355
0.55100 nan 1.59621 0.05798 0.05355
0.54520 nan -4.49850 0.05798 0.05355
0.53940 nan -1.97951 0.05798 0.05355
0.53360 nan -1.34819 0.05798 0.05355
0.52780 nan -1.30651 0.05798 0.05355
0.52200 nan -1.59827 0.05798 0.05355
0.51620 nan -2.76968 0.05798 0.05355
0.51040 nan -19.92124 0.05798 0.05355
0.50460 nan -32.29867 0.05798 0.05355
0.49880 nan -12.31640 0.05798 0.05355
0.49300 nan -14.02370 0.05798 0.05355
0.48720 nan -43.76461 0.05798 0.05355
0.48140 nan -87.73465 0.05798 0.05355
0.47560 nan -19.17244 0.05798 0.05355
0.46980 nan -7.82243 0.05798 0.05355
0.46400 nan -7.99630 0.05798 0.05355
0.45820 nan 20.89318 0.05798 0.05355
0.45240 nan 3.98953 0.05798 0.05355
0.44660 nan 3.76064 0.05798 0.05355
0.44080 nan 8.11818 0.05798 0.05355
0.43500 nan 28.20302 0.05798 0.05355
0.42920 nan 34.41046 0.05798 0.05355
0.42340 nan -3.29919 0.05798 0.05355
0.41760 nan -5.82416 0.05798 0.05355
0.41180 nan -3.66993 0.05798 0.05355
0.40600 nan -2.11586 0.05798 0.05355
0.40020 nan -1.64664 0.05798 0.05355
0.39440 nan -1.14734 0.05798 0.05355
0.38860 nan -1.01710 0.05798 0.05355
0.38280 nan -1.03968 0.05798 0.05355
0.37700 nan -1.25256 0.05798 0.05355
0.37120 nan -2.58437 0.05798 0.05355
0.36540 nan 2.45642 0.05798 0.05355
0.35960 nan 1.14865 0.05798 0.05355
0.35380 nan 0.82382 0.05798 0.05355
0.34800 nan 0.74157 0.05798 0.05355
0.34220 nan 0.69560 0.05798 0.05355
0.33640 nan 0.68216 0.05798 0.05355
0.33060 nan 0.70027 0.05798 0.05355
0.32480 nan 0.72835 0.05798 0.05355
0.31900 nan 0.77115 0.05798 0.05355
0.31320 nan 0.83783 0.05798 0.05355
0.30740 nan 1.10052 0.05798 0.05355
0.30160 nan 1.84636 0.05798 0.05355
0.29580 nan 2.21933 0.05798 0.05355
0.29000 nan 6.86613 0.05798 0.05355
0.28420 nan 3.83885 0.05798 0.05355
0.27840 nan 10.42125 0.05798 0.05355
0.27260 nan 11.43106 0.05798 0.05355
0.26680 nan 31.71495 0.05798 0.05355
0.26100 nan 28.52563 0.05798 0.05355
0.25520 nan 7.77414 0.05798 0.05355
0.24940 nan 8.37070 0.05798 0.05355
0.24360 nan 1.28286 0.05798 0.05355
0.23780 nan 0.98930 0.05798 0.05355
0.23200 nan 0.57047 0.05798 0.05355
0.22620 nan 0.47548 0.05798 0.05355
0.22040 nan 0.36130 0.05798 0.05355
0.21460 nan 0.29394 0.05798 0.05355
0.20880 nan 0.24463 0.05798 0.05355
0.20300 nan 0.20132 0.05798 0.05355
0.19720 2.23656 0.16416 0.05798 0.05355
0.19140 2.19837 0.12273 0.05798 0.05355
0.18560 2.16005 0.10031 0.05798 0.05355
0.17980 2.12117 0.07877 0.05798 0.05355
0.17400 2.10163 0.06867 0.05798 0.05355
0.16820 2.08468 0.06037 0.05798 0.05355
0.16240 2.07346 0.05016 0.05798 0.05355
0.15660 2.07181 0.04435 0.05798 0.05355
0.15080 2.07291 0.03753 0.05798 0.05355
0.14500 2.07511 0.03521 0.05798 0.05355
0.13920 2.07121 0.03128 0.05798 0.05355
0.13340 2.06896 0.02859 0.05798 0.05355
0.12760 2.06288 0.02630 0.05798 0.05355
0.12180 2.05543 0.02395 0.05798 0.05355
0.11600 2.05344 0.02292 0.05798 0.05355
0.11020 2.03842 0.02111 0.05798 0.05355
0.10440 2.02333 0.01975 0.05798 0.05355
0.09860 1.98361 0.01787 0.05798 0.05355
0.09280 1.94909 0.01669 0.05798 0.05355
0.08700 1.91840 0.01576 0.05798 0.05355
0.08120 1.86736 0.01428 0.05798 0.05355
0.07540 1.82593 0.01314 0.05798 0.05355
0.06960 1.77946 0.01144 0.05798 0.05355
0.06380 1.74397 0.01029 0.05798 0.05355
0.05800 1.71932 0.00900 0.05798 0.05355
0.05220 1.69914 0.00829 0.05798 0.05355
0.04640 1.67612 0.00700 0.05798 0.05355
0.04060 1.66158 0.00603 0.05798 0.05355
0.03480 1.65074 0.00533 0.05798 0.05355
0.02900 1.65997 0.00466 0.05798 0.05355
0.02320 1.65755 0.00422 0.05798 0.05355
0.01740 1.67755 0.00374 0.05798 0.05355
0.01160 1.67847 0.00355 0.05798 0.05355
0.00580 1.69495 0.00340 0.05798 0.05355
0.00000 1.70628 0.00338 0.05798 0.05355
-0.00580 1.71843 0.00341 0.05798 0.05355
-0.01160 1.74476 0.00356 0.05798 0.05355
-0.01740 1.75736 0.00376 0.05798 0.05355
-0.02320 1.79865 0.00415 0.05798 0.05355
-0.02900 1.82076 0.00452 0.05798 0.05355
-0.03480 1.85953 0.00499 0.05798 0.05355
-0.04060 1.88726 0.00548 0.05798 0.05355
-0.04640 1.92393 0.00610 0.05798 0.05355
-0.05220 1.97034 0.00687 0.05798 0.05355
-0.05800 1.99298 0.00729 0.05798 0.05355
-0.06380 2.03262 0.00801 0.05798 0.05355
-0.06960 2.06894 0.00868 0.05798 0.05355
-0.07540 2.12322 0.00971 0.05798 0.05355
-0.08120 2.16094 0.01045 0.05798 0.05355
-0.08700 2.21298 0.01149 0.05798 0.05355
-0.09280 2.24799 0.01220 0.05798 0.05355
-0.09860 2.28469 0.01311 0.05798 0.05355
-0.10440 2.34669 0.01473 0.05798 0.05355
-0.11020 2.37821 0.01597 0.05798 0.05355
-0.11600 2.42680 0.01778 0.05798 0.05355
-0.12180 2.44711 0.01890 0.05798 0.05355
-0.12760 2.49693 0.02170 0.05798 0.05355
-0.13340 2.54133 0.02474 0.05798 0.05355
-0.13920 2.58420 0.02859 0.05798 0.05355
-0.14500 2.63884 0.03445 0.05798 0.05355
-0.15080 2.65916 0.03813 0.05798 0.05355
-0.15660 2.71255 0.04881 0.05798 0.05355
-0.16240 2.73480 0.05860 0.05798 0.05355
-0.16820 2.75864 0.07543 0.05798 0.05355
-0.17400 2.75894 0.08838 0.05798 0.05355
-0.17980 2.76271 0.10439 0.05798 0.05355
-0.18560 2.73001 0.13382 0.05798 0.05355
-0.19140 2.70830 0.16609 0.05798 0.05355
-0.19720 nan 0.21513 0.05798 0.05355
-0.20300 nan 0.27408 0.05798 0.05355
-0.20880 nan 0.34121 0.05798 0.05355
-0.21460 nan 0.45182 0.05798 0.05355
-0.22040 nan 0.61354 0.05798 0.05355
-0.22620 nan 0.85081 0.05798 0.05355
-0.23200 nan 1.05723 0.05798 0.05355
-0.23780 nan 2.13334 0.05798 0.05355
-0.24360 nan 2.74975 0.05798 0.05355
-0.24940 nan 8.51974 0.05798 0.05355
-0.25520 nan 12.38623 0.05798 0.05355
-0.26100 nan 3.67517 0.05798 0.05355
-0.26680 nan 3.60352 0.05798 0.05355
-0.27260 nan 6.04934 0.05798 0.05355
-0.27840 nan 6.29524 0.05798 0.05355
-0.28420 nan 20.31257 0.05798 0.05355
-0.29000 nan 3.87222 0.05798 0.05355
-0.29580 nan 1.84592 0.05798 0.05355
-0.30160 nan 1.63332 0.05798 0.05355
-0.30740 nan 1.45352 0.05798 0.05355
-0.31320 nan 1.41281 0.05798 0.05355
-0.31900 nan 2.34123 0.05798 0.05355
-0.32480 nan 3.61139 0.05798 0.05355
-0.33060 nan 15.76795 0.05798 0.05355
-0.33640 nan 2.85954 0.05798 0.05355
-0.34220 nan 1.30492 0.05798 0.05355
-0.34800 nan 1.15267 0.05798 0.05355
-0.35380 nan 0.99369 0.05798 0.05355
-0.35960 nan 1.01967 0.05798 0.05355
-0.36540 nan 1.20571 0.05798 0.05355
-0.37120 nan 2.27869 0.05798 0.05355
-0.37700 nan 10.58278 0.05798 0.05355
-0.38280 nan -3.44481 0.05798 0.05355
-0.38860 nan -1.82073 0.05798 0.05355
-0.39440 nan -1.19634 0.05798 0.05355
-0.40020 nan -1.05033 0.05798 0.05355
-0.40600 nan -1.09648 0.05798 0.05355
-0.41180 nan -1.24138 0.05798 0.05355
-0.41760 nan -1.42457 0.05798 0.05355
-0.42340 nan -2.30833 0.05798 0.05355
-0.42920 nan -6.63712 0.05798 0.05355
-0.43500 nan 2.73857 0.05798 0.05355
-0.44080 nan 0.23172 0.05798 0.05355
-0.44660 nan 5.14671 0.05798 0.05355
-0.45240 nan 2.83355 0.05798 0.05355
-0.45820 nan 2.06499 0.05798 0.05355
-0.46400 nan 1.53925 0.05798 0.05355
-0.46980 nan 1.46170 0.05798 0.05355
-0.47560 nan 1.44898 0.05798 0.05355
-0.48140 nan 1.73384 0.05798 0.05355
-0.48720 nan 2.01724 0.05798 0.05355
-0.49300 nan 3.08914 0.05798 0.05355
-0.49880 nan 2.85939 0.05798 0.05355
-0.50460 nan 3.57962 0.05798 0.05355
-0.51040 nan 4.73697 0.05798 0.05355
-0.51620 nan -41.17459 0.05798 0.05355
-0.52200 nan -3.06847 0.05798 0.05355
-0.52780 nan -2.12337 0.05798 0.05355
-0.53360 nan -2.08118 0.05798 0.05355
-0.53940 nan -1.98699 0.05798 0.05355
-0.54520 nan -2.49250 0.05798 0.05355
-0.55100 nan -2.19840 0.05798 0.05355
-0.55680 nan -1.71244 0.05798 0.05355
-0.56260 nan -1.51804 0.05798 0.05355
-0.56840 nan -1.33269 0.05798 0.05355
-0.57420 nan -1.33245 0.05798 0.05355
-0.58000 nan -1.37354 0.05798 0.05355
-0.58580 nan -1.41013 0.05798 0.05355
-0.59160 nan -1.53684 0.05798 0.05355
-0.59740 nan -1.73655 0.05798 0.05355
-0.60320 nan -2.13735 0.05798 0.05355
-0.60900 nan -2.83403 0.05798 0.05355
-0.61480 nan -4.07905 0.05798 0.05355
-0.62060 nan -6.03072 0.05798 0.05355
-0.62640 nan -47.85936 0.05798 0.05355
-0.63220 nan -5.02834 0.05798 0.05355
-0.63800 nan -4.13830 0.05798 0.05355
-0.64380 nan -3.27192 0.05798 0.05355
-0.64960 nan -3.33029 0.05798 0.05355
-0.65540 nan -3.91172 0.05798 0.05355
-0.66120 nan -3.53543 0.05798 0.05355
-0.66700 nan -7.13368 0.05798 0.05355
-0.67280 nan -15.40036 0.05798 0.05355
-0.67860 nan 8.66316 0.05798 0.05355
-0.68440 nan 4.64094 0.05798 0.05355
-0.69020 nan 4.09953 0.05798 0.05355
-0.69600 nan 9.02531 0.05798 0.05355
-0.70180 nan 3.16674 0.05798 0.05355
-0.70760 nan 3.36115 0.05798 0.05355
-0.71340 nan 1.30611 0.05798 0.05355
-0.71920 nan 0.93598 0.05798 0.05355
-0.72500 nan 0.74416 0.05798 0.05355
-0.73080 nan 0.69308 0.05798 0.05355
-0.73660 nan 0.65812 0.05798 0.05355
-0.74240 nan 0.66688 0.05798 0.05355
-0.74820 nan 0.70330 0.05798 0.05355
-0.75400 nan 0.72029 0.05798 0.05355
-0.75980 nan 0.85130 0.05798 0.05355
-0.76560 nan 0.91649 0.05798 0.05355
-0.77140 nan 1.22359 0.05798 0.05355
-0.77720 nan 1.43759 0.05798 0.05355
-0.78300 nan 1.93373 0.05798 0.05355
-0.78880 nan 2.43520 0.05798 0.05355
-0.79460 nan 2.59904 0.05798 0.05355
-0.80040 nan 3.13097 0.05798 0.05355
-0.80620 nan 4.73258 0.05798 0.05355
-0.81200 nan 6.54634 0.05798 0.05355
-0.81780 nan 6.31288 0.05798 0.05355
-0.82360 nan 2.86446 0.05798 0.05355
-0.82940 nan 2.23548 0.05798 0.05355
-0.83520 nan 1.56305 0.05798 0.05355
-0.84100 nan 1.68704 0.05798 0.05355
-0.84680 nan 3.18502 0.05798 0.05355
-0.85260 nan -2.13212 0.05798 0.05355
-0.85840 nan 4.07550 0.05798 0.05355
-0.86420 nan 26.02240 0.05798 0.05355
-0.87000 nan 0.50752 0.05798 0.05355
-0.87580 nan 27.91870 0.05798 0.05355
-0.88160 nan 4.81372 0.05798 0.05355
-0.88740 nan 4.19213 0.05798 0.05355
-0.89320 nan 4.00420 0.05798 0.05355
-0.89900 nan 3.10148 0.05798 0.05355
-0.90480 nan 2.98920 0.05798 0.05355
-0.91060 nan 44.80193 0.05798 0.05355
-0.91640 nan 3.45198 0.05798 0.05355
-0.92220 nan 2.97737 0.05798 0.05355
-0.92800 nan 1.76081 0.05798 0.05355
-0.93380 nan 1.66939 0.05798 0.05355
-0.93960 nan 1.61510 0.05798 0.05355
-0.94540 nan 2.06061 0.05798 0.05355
-0.95120 nan 2.98589 0.05798 0.05355
-0.95700 nan -0.53456 0.05798 0.05355
-0.96280 nan -6.36953 0.05798 0.05355
-0.96860 nan -4.23070 0.05798 0.05355
-0.97440 nan -119.03163 0.05798 0.05355
-0.98020 nan -2.79871 0.05798 0.05355
-0.98600 nan -2.94747 0.05798 0.05355
-0.99180 nan -2.69681 0.05798 0.05355
-0.99760 nan -1.73176 0.05798 0.05355
-1.00340 nan -1.31746 0.05798 0.05355
