1.00110 -0.00001 0.00001 0.05798 0.04144
0.99640 -0.00002 0.00000 0.05798 0.04144
0.99170 -0.00003 0.00001 0.05798 0.04144
0.98700 -0.00004 0.00001 0.05798 0.04144
0.98230 -0.00005 0.00001 0.05798 0.04144
0.97760 -0.00004 0.00001 0.05798 0.04144
0.97290 -0.00004 0.00001 0.05798 0.04144
0.96820 -0.00002 0.00001 0.05798 0.04144
0.96350 -0.00001 0.00001 0.05798 0.04144
0.95880 0.00001 0.00001 0.05798 0.04144
0.95410 0.00003 0.00002 0.05798 0.04144
0.94940 0.00004 0.00001 0.05798 0.04144
0.94470 0.00006 0.00001 0.05798 0.04144
0.94000 0.00005 0.00002 0.05798 0.04144
0.93530 0.00005 0.00001 0.05798 0.04144
0.93060 0.00003 0.00002 0.05798 0.04144
0.92590 0.00003 0.00001 0.05798 0.04144
0.92120 0.00001 0.00001 0.05798 0.04144
0.91650 -0.00000 0.00001 0.05798 0.04144
0.91180 -0.00001 0.00001 0.05798 0.04144
0.90710 -0.00001 0.00001 0.05798 0.04144
0.90240 -0.00002 0.00000 0.05798 0.04144
0.89770 -0.00002 0.00000 0.05798 0.04144
0.89300 -0.00002 0.00000 0.05798 0.04144
0.88830 -0.00003 0.00000 0.05798 0.04144
0.88360 -0.00003 0.00000 0.05798 0.04144
0.87890 -0.00002 0.00000 0.05798 0.04144
0.87420 -0.00002 0.00000 0.05798 0.04144
0.86950 -0.00001 0.00001 0.05798 0.04144
0.86480 0.00000 0.00001 0.05798 0.04144
0.86010 0.00001 0.00001 0.05798 0.04144
0.85540 0.00002 0.00001 0.05798 0.04144
0.85070 0.00002 0.00001 0.05798 0.04144
0.84600 0.00004 0.00001 0.05798 0.04144
0.84130 0.00007 0.00001 0.05798 0.04144
0.83660 0.00010 0.00001 0.05798 0.04144
0.83190 0.00012 0.00001 0.05798 0.04144
0.82720 0.00013 0.00001 0.05798 0.04144
0.82250 0.00013 0.00001 0.05798 0.04144
0.81780 0.00011 0.00000 0.05798 0.04144
0.81310 0.00008 0.00001 0.05798 0.04144
0.80840 0.00005 0.00001 0.05798 0.04144
0.80370 0.00003 0.00001 0.05798 0.04144
0.79900 0.00001 0.00001 0.05798 0.04144
0.79430 0.00001 0.00000 0.05798 0.04144
0.78960 0.00001 0.00000 0.05798 0.04144
0.78490 0.00001 0.00000 0.05798 0.04144
0.78020 0.00001 0.00001 0.05798 0.04144
0.77550 -0.00000 0.00001 0.05798 0.04144
0.77080 -0.00002 0.00001 0.05798 0.04144
0.76610 -0.00004 0.00001 0.05798 0.04144
0.76140 -0.00005 0.00001 0.05798 0.04144
0.75670 -0.00005 0.00001 0.05798 0.04144
0.75200 -0.00004 0.00001 0.05798 0.04144
0.74730 -0.00004 0.00000 0.05798 0.04144
0.74260 -0.00003 0.00000 0.05798 0.04144
0.73790 -0.00002 0.00001 0.05798 0.04144
0.73320 -0.00001 0.00001 0.05798 0.04144
0.72850 -0.00001 0.00001 0.05798 0.04144
0.72380 -0.00001 0.00001 0.05798 0.04144
0.71910 -0.00000 0.00001 0.05798 0.04144
0.71440 0.00000 0.00001 0.05798 0.04144
0.70970 0.00001 0.00000 0.05798 0.04144
0.70500 0.00002 0.00001 0.05798 0.04144
0.70030 0.00004 0.00002 0.05798 0.04144
0.69560 0.00004 0.00002 0.05798 0.04144
0.69090 0.00005 0.00002 0.05798 0.04144
0.68620 0.00005 0.00001 0.05798 0.04144
0.68150 0.00005 0.00001 0.05798 0.04144
0.67680 0.00005 0.00000 0.05798 0.04144
0.67210 0.00005 0.00000 0.05798 0.04144
0.66740 0.00005 0.00000 0.05798 0.04144
0.66270 0.00004 0.00000 0.05798 0.04144
0.65800 0.00003 0.00000 0.05798 0.04144
0.65330 0.00002 0.00000 0.05798 0.04144
0.64860 0.00001 0.00000 0.05798 0.04144
0.64390 0.00001 0.00000 0.05798 0.04144
0.63920 0.00001 0.00000 0.05798 0.04144
0.63450 0.00002 0.00000 0.05798 0.04144
0.62980 0.00003 0.00000 0.05798 0.04144
0.62510 0.00004 0.00000 0.05798 0.04144
0.62040 0.00004 0.00000 0.05798 0.04144
0.61570 0.00004 0.00000 0.05798 0.04144
0.61100 0.00004 0.00000 0.05798 0.04144
0.60630 0.00004 0.00000 0.05798 0.04144
0.60160 0.00003 0.00000 0.05798 0.04144
0.59690 0.00003 0.00001 0.05798 0.04144
0.59220 0.00003 0.00001 0.05798 0.04144
0.58750 0.00002 0.00001 0.05798 0.04144
0.58280 0.00001 0.00000 0.05798 0.04144
0.57810 -0.00000 0.00000 0.05798 0.04144
0.57340 -0.00001 0.00001 0.05798 0.04144
0.56870 -0.00001 0.00000 0.05798 0.04144
0.56400 -0.00001 0.00001 0.05798 0.04144
0.55930 -0.00001 0.00001 0.05798 0.04144
0.55460 -0.00000 0.00001 0.05798 0.04144
0.54990 -0.00001 0.00001 0.05798 0.04144
0.54520 -0.00001 0.00001 0.05798 0.04144
0.54050 -0.00003 0.00001 0.05798 0.04144
0.53580 -0.00005 0.00000 0.05798 0.04144
0.53110 -0.00006 0.00000 0.05798 0.04144
0.52640 -0.00007 0.00000 0.05798 0.04144
0.52170 -0.00007 0.00000 0.05798 0.04144
0.51700 -0.00007 0.00001 0.05798 0.04144
0.51230 -0.00007 0.00001 0.05798 0.04144
0.50760 -0.00007 0.00001 0.05798 0.04144
0.50290 -0.00008 0.00001 0.05798 0.04144
0.49820 -0.00008 0.00001 0.05798 0.04144
0.49350 -0.00008 0.00001 0.05798 0.04144
0.48880 -0.00008 0.00001 0.05798 0.04144
0.48410 -0.00007 0.00002 0.05798 0.04144
0.47940 -0.00006 0.00001 0.05798 0.04144
0.47470 -0.00004 0.00000 0.05798 0.04144
0.47000 -0.00003 0.00001 0.05798 0.04144
0.46530 -0.00001 0.00001 0.05798 0.04144
0.46060 0.00002 0.00001 0.05798 0.04144
0.45590 0.00004 0.00001 0.05798 0.04144
0.45120 0.00005 0.00001 0.05798 0.04144
0.44650 0.00005 0.00000 0.05798 0.04144
0.44180 0.00005 0.00000 0.05798 0.04144
0.43710 0.00003 0.00000 0.05798 0.04144
0.43240 0.00002 0.00001 0.05798 0.04144
0.42770 0.00001 0.00000 0.05798 0.04144
0.42300 0.00000 0.00001 0.05798 0.04144
0.41830 -0.00001 0.00000 0.05798 0.04144
0.41360 -0.00002 0.00000 0.05798 0.04144
0.40890 -0.00003 0.00000 0.05798 0.04144
0.40420 -0.00005 0.00000 0.05798 0.04144
0.39950 -0.00005 0.00001 0.05798 0.04144
0.39480 -0.00006 0.00001 0.05798 0.04144
0.39010 -0.00006 0.00001 0.05798 0.04144
0.38540 -0.00005 0.00001 0.05798 0.04144
0.38070 -0.00004 0.00000 0.05798 0.04144
0.37600 -0.00003 0.00000 0.05798 0.04144
0.37130 -0.00000 0.00000 0.05798 0.04144
0.36660 0.00001 0.00001 0.05798 0.04144
0.36190 0.00005 0.00000 0.05798 0.04144
0.35720 0.00006 0.00000 0.05798 0.04144
0.35250 0.00008 0.00001 0.05798 0.04144
0.34780 0.00009 0.00000 0.05798 0.04144
0.34310 0.00009 0.00000 0.05798 0.04144
0.33840 0.00009 0.00001 0.05798 0.04144
0.33370 0.00009 0.00000 0.05798 0.04144
0.32900 0.00008 0.00001 0.05798 0.04144
0.32430 0.00008 0.00000 0.05798 0.04144
0.31960 0.00008 0.00000 0.05798 0.04144
0.31490 0.00008 0.00001 0.05798 0.04144
0.31020 0.00007 0.00001 0.05798 0.04144
0.30550 0.00007 0.00002 0.05798 0.04144
0.30080 0.00005 0.00002 0.05798 0.04144
0.29610 0.00003 0.00002 0.05798 0.04144
0.29140 0.00001 0.00002 0.05798 0.04144
0.28670 0.00001 0.00001 0.05798 0.04144
0.28200 -0.00001 0.00001 0.05798 0.04144
0.27730 -0.00001 0.00001 0.05798 0.04144
0.27260 -0.00001 0.00001 0.05798 0.04144
0.26790 -0.00002 0.00001 0.05798 0.04144
0.26320 -0.00002 0.00001 0.05798 0.04144
0.25850 -0.00001 0.00000 0.05798 0.04144
0.25380 -0.00000 0.00000 0.05798 0.04144
0.24910 0.00001 0.00001 0.05798 0.04144
0.24440 0.00004 0.00001 0.05798 0.04144
0.23970 0.00007 0.00001 0.05798 0.04144
0.23500 0.00009 0.00001 0.05798 0.04144
0.23030 0.00013 0.00001 0.05798 0.04144
0.22560 0.00016 0.00001 0.05798 0.04144
0.22090 0.00020 0.00001 0.05798 0.04144
0.21620 0.00023 0.00001 0.05798 0.04144
0.21150 0.00025 0.00001 0.05798 0.04144
0.20680 0.00029 0.00001 0.05798 0.04144
0.20210 0.00032 0.00001 0.05798 0.04144
0.19740 0.00040 0.00001 0.05798 0.04144
0.19270 0.00045 0.00003 0.05798 0.04144
0.18800 0.00056 0.00003 0.05798 0.04144
0.18330 0.00062 0.00002 0.05798 0.04144
0.17860 0.00075 0.00004 0.05798 0.04144
0.17390 0.00087 0.00002 0.05798 0.04144
0.16920 0.00097 0.00002 0.05798 0.04144
0.16450 0.00110 0.00003 0.05798 0.04144
0.15980 0.00122 0.00003 0.05798 0.04144
0.15510 0.00140 0.00003 0.05798 0.04144
0.15040 0.00152 0.00003 0.05798 0.04144
0.14570 0.00168 0.00002 0.05798 0.04144
0.14100 0.00178 0.00005 0.05798 0.04144
0.13630 0.00188 0.00002 0.05798 0.04144
0.13160 0.00203 0.00003 0.05798 0.04144
0.12690 0.00214 0.00003 0.05798 0.04144
0.12220 0.00233 0.00003 0.05798 0.04144
0.11750 0.00241 0.00003 0.05798 0.04144
0.11280 0.00259 0.00003 0.05798 0.04144
0.10810 0.00275 0.00003 0.05798 0.04144
0.10340 0.00290 0.00005 0.05798 0.04144
0.09870 0.00308 0.00003 0.05798 0.04144
0.09400 0.00317 0.00005 0.05798 0.04144
0.08930 0.00332 0.00004 0.05798 0.04144
0.08460 0.00348 0.00004 0.05798 0.04144
0.07990 0.00376 0.00005 0.05798 0.04144
0.07520 0.00399 0.00006 0.05798 0.04144
0.07050 0.00422 0.00012 0.05798 0.04144
0.06580 0.00466 0.00008 0.05798 0.04144
0.06110 0.00508 0.00010 0.05798 0.04144
0.05640 0.00585 0.00013 0.05798 0.04144
0.05170 0.00650 0.00016 0.05798 0.04144
0.04700 0.00737 0.00029 0.05798 0.04144
0.04230 0.00794 0.00024 0.05798 0.04144
0.03760 0.00922 0.00043 0.05798 0.04144
0.03290 0.01040 0.00030 0.05798 0.04144
0.02820 0.01146 0.00029 0.05798 0.04144
0.02350 0.01264 0.00019 0.05798 0.04144
0.01880 0.01357 0.00017 0.05798 0.04144
0.01410 0.01471 0.00010 0.05798 0.04144
0.00940 0.01514 0.00021 0.05798 0.04144
0.00470 0.01550 0.00018 0.05798 0.04144
0.00000 0.01545 0.00014 0.05798 0.04144
-0.00470 0.01526 0.00021 0.05798 0.04144
-0.00940 0.01466 0.00025 0.05798 0.04144
-0.01410 0.01391 0.00034 0.05798 0.04144
-0.01880 0.01293 0.00028 0.05798 0.04144
-0.02350 0.01202 0.00031 0.05798 0.04144
-0.02820 0.01122 0.00029 0.05798 0.04144
-0.03290 0.01037 0.00026 0.05798 0.04144
-0.03760 0.00954 0.00030 0.05798 0.04144
-0.04230 0.00871 0.00018 0.05798 0.04144
-0.04700 0.00831 0.00016 0.05798 0.04144
-0.05170 0.00776 0.00012 0.05798 0.04144
-0.05640 0.00730 0.00010 0.05798 0.04144
-0.06110 0.00674 0.00008 0.05798 0.04144
-0.06580 0.00640 0.00007 0.05798 0.04144
-0.07050 0.00601 0.00011 0.05798 0.04144
-0.07520 0.00578 0.00006 0.05798 0.04144
-0.07990 0.00553 0.00006 0.05798 0.04144
-0.08460 0.00520 0.00005 0.05798 0.04144
-0.08930 0.00499 0.00005 0.05798 0.04144
-0.09400 0.00476 0.00007 0.05798 0.04144
-0.09870 0.00462 0.00005 0.05798 0.04144
-0.10340 0.00434 0.00009 0.05798 0.04144
-0.10810 0.00409 0.00006 0.05798 0.04144
-0.11280 0.00383 0.00006 0.05798 0.04144
-0.11750 0.00353 0.00006 0.05798 0.04144
-0.12220 0.00338 0.00005 0.05798 0.04144
-0.12690 0.00305 0.00005 0.05798 0.04144
-0.13160 0.00283 0.00005 0.05798 0.04144
-0.13630 0.00253 0.00006 0.05798 0.04144
-0.14100 0.00235 0.00008 0.05798 0.04144
-0.14570 0.00217 0.00006 0.05798 0.04144
-0.15040 0.00188 0.00005 0.05798 0.04144
-0.15510 0.00166 0.00005 0.05798 0.04144
-0.15980 0.00136 0.00005 0.05798 0.04144
-0.16450 0.00117 0.00004 0.05798 0.04144
-0.16920 0.00099 0.00004 0.05798 0.04144
-0.17390 0.00083 0.00004 0.05798 0.04144
-0.17860 0.00068 0.00005 0.05798 0.04144
-0.18330 0.00054 0.00003 0.05798 0.04144
-0.18800 0.00048 0.00003 0.05798 0.04144
-0.19270 0.00036 0.00002 0.05798 0.04144
-0.19740 0.00031 0.00002 0.05798 0.04144
-0.20210 0.00021 0.00002 0.05798 0.04144
-0.20680 0.00016 0.00001 0.05798 0.04144
-0.21150 0.00011 0.00001 0.05798 0.04144
-0.21620 0.00009 0.00001 0.05798 0.04144
-0.22090 0.00007 0.00000 0.05798 0.04144
-0.22560 0.00007 0.00000 0.05798 0.04144
-0.23030 0.00006 0.00000 0.05798 0.04144
-0.23500 0.00005 0.00000 0.05798 0.04144
-0.23970 0.00004 0.00001 0.05798 0.04144
-0.24440 0.00003 0.00000 0.05798 0.04144
-0.24910 0.00003 0.00001 0.05798 0.04144
-0.25380 0.00002 0.00000 0.05798 0.04144
-0.25850 0.00003 0.00001 0.05798 0.04144
-0.26320 0.00003 0.00001 0.05798 0.04144
-0.26790 0.00003 0.00001 0.05798 0.04144
-0.27260 0.00004 0.00001 0.05798 0.04144
-0.27730 0.00003 0.00000 0.05798 0.04144
-0.28200 0.00003 0.00000 0.05798 0.04144
-0.28670 0.00004 0.00000 0.05798 0.04144
-0.29140 0.00004 0.00000 0.05798 0.04144
-0.29610 0.00006 0.00001 0.05798 0.04144
-0.30080 0.00008 0.00001 0.05798 0.04144
-0.30550 0.00009 0.00000 0.05798 0.04144
-0.31020 0.00009 0.00000 0.05798 0.04144
-0.31490 0.00010 0.00000 0.05798 0.04144
-0.31960 0.00010 0.00000 0.05798 0.04144
-0.32430 0.00009 0.00001 0.05798 0.04144
-0.32900 0.00009 0.00001 0.05798 0.04144
-0.33370 0.00009 0.00001 0.05798 0.04144
-0.33840 0.00009 0.00001 0.05798 0.04144
-0.34310 0.00009 0.00001 0.05798 0.04144
-0.34780 0.00009 0.00001 0.05798 0.04144
-0.35250 0.00008 0.00000 0.05798 0.04144
-0.35720 0.00007 0.00001 0.05798 0.04144
-0.36190 0.00006 0.00000 0.05798 0.04144
-0.36660 0.00003 0.00001 0.05798 0.04144
-0.37130 0.00002 0.00000 0.05798 0.04144
-0.37600 -0.00001 0.00000 0.05798 0.04144
-0.38070 -0.00001 0.00001 0.05798 0.04144
-0.38540 -0.00003 0.00001 0.05798 0.04144
-0.39010 -0.00004 0.00001 0.05798 0.04144
-0.39480 -0.00006 0.00000 0.05798 0.04144
-0.39950 -0.00007 0.00000 0.05798 0.04144
-0.40420 -0.00008 0.00000 0.05798 0.04144
-0.40890 -0.00008 0.00000 0.05798 0.04144
-0.41360 -0.00007 0.00001 0.05798 0.04144
-0.41830 -0.00004 0.00001 0.05798 0.04144
-0.42300 -0.00002 0.00001 0.05798 0.04144
-0.42770 -0.00001 0.00000 0.05798 0.04144
-0.43240 0.00000 0.00001 0.05798 0.04144
-0.43710 0.00001 0.00001 0.05798 0.04144
-0.44180 0.00002 0.00001 0.05798 0.04144
-0.44650 0.00002 0.00001 0.05798 0.04144
-0.45120 0.00003 0.00001 0.05798 0.04144
-0.45590 0.00004 0.00001 0.05798 0.04144
-0.46060 0.00005 0.00001 0.05798 0.04144
-0.46530 0.00006 0.00001 0.05798 0.04144
-0.47000 0.00006 0.00001 0.05798 0.04144
-0.47470 0.00005 0.00001 0.05798 0.04144
-0.47940 0.00005 0.00001 0.05798 0.04144
-0.48410 0.00003 0.00001 0.05798 0.04144
-0.48880 0.00003 0.00001 0.05798 0.04144
-0.49350 0.00003 0.00000 0.05798 0.04144
-0.49820 0.00003 0.00000 0.05798 0.04144
-0.50290 0.00003 0.00000 0.05798 0.04144
-0.50760 0.00002 0.00000 0.05798 0.04144
-0.51230 0.00001 0.00000 0.05798 0.04144
-0.51700 -0.00000 0.00001 0.05798 0.04144
-0.52170 -0.00001 0.00000 0.05798 0.04144
-0.52640 -0.00002 0.00001 0.05798 0.04144
-0.53110 -0.00002 0.00001 0.05798 0.04144
-0.53580 -0.00002 0.00001 0.05798 0.04144
-0.54050 -0.00002 0.00001 0.05798 0.04144
-0.54520 -0.00002 0.00000 0.05798 0.04144
-0.54990 -0.00002 0.00000 0.05798 0.04144
-0.55460 -0.00003 0.00000 0.05798 0.04144
-0.55930 -0.00003 0.00000 0.05798 0.04144
-0.56400 -0.00004 0.00000 0.05798 0.04144
-0.56870 -0.00004 0.00000 0.05798 0.04144
-0.57340 -0.00004 0.00000 0.05798 0.04144
-0.57810 -0.00004 0.00000 0.05798 0.04144
-0.58280 -0.00004 0.00000 0.05798 0.04144
-0.58750 -0.00003 0.00000 0.05798 0.04144
-0.59220 -0.00003 0.00000 0.05798 0.04144
-0.59690 -0.00002 0.00000 0.05798 0.04144
-0.60160 -0.00002 0.00000 0.05798 0.04144
-0.60630 -0.00001 0.00000 0.05798 0.04144
-0.61100 -0.00001 0.00000 0.05798 0.04144
-0.61570 -0.00001 0.00000 0.05798 0.04144
-0.62040 -0.00001 0.00000 0.05798 0.04144
-0.62510 -0.00001 0.00000 0.05798 0.04144
-0.62980 -0.00001 0.00000 0.05798 0.04144
-0.63450 -0.00001 0.00000 0.05798 0.04144
-0.63920 -0.00001 0.00001 0.05798 0.04144
-0.64390 -0.00002 0.00001 0.05798 0.04144
-0.64860 -0.00002 0.00001 0.05798 0.04144
-0.65330 -0.00003 0.00001 0.05798 0.04144
-0.65800 -0.00003 0.00001 0.05798 0.04144
-0.66270 -0.00003 0.00001 0.05798 0.04144
-0.66740 -0.00003 0.00000 0.05798 0.04144
-0.67210 -0.00002 0.00001 0.05798 0.04144
-0.67680 -0.00001 0.00000 0.05798 0.04144
-0.68150 0.00000 0.00000 0.05798 0.04144
-0.68620 0.00001 0.00000 0.05798 0.04144
-0.69090 0.00003 0.00001 0.05798 0.04144
-0.69560 0.00004 0.00001 0.05798 0.04144
-0.70030 0.00006 0.00001 0.05798 0.04144
-0.70500 0.00007 0.00001 0.05798 0.04144
-0.70970 0.00008 0.00000 0.05798 0.04144
-0.71440 0.00009 0.00001 0.05798 0.04144
-0.71910 0.00010 0.00001 0.05798 0.04144
-0.72380 0.00010 0.00001 0.05798 0.04144
-0.72850 0.00010 0.00001 0.05798 0.04144
-0.73320 0.00010 0.00001 0.05798 0.04144
-0.73790 0.00010 0.00001 0.05798 0.04144
-0.74260 0.00009 0.00000 0.05798 0.04144
-0.74730 0.00009 0.00001 0.05798 0.04144
-0.75200 0.00008 0.00000 0.05798 0.04144
-0.75670 0.00007 0.00001 0.05798 0.04144
-0.76140 0.00007 0.00001 0.05798 0.04144
-0.76610 0.00005 0.00001 0.05798 0.04144
-0.77080 0.00005 0.00000 0.05798 0.04144
-0.77550 0.00004 0.00000 0.05798 0.04144
-0.78020 0.00003 0.00000 0.05798 0.04144
-0.78490 0.00003 0.00000 0.05798 0.04144
-0.78960 0.00002 0.00000 0.05798 0.04144
-0.79430 0.00002 0.00000 0.05798 0.04144
-0.79900 0.00002 0.00000 0.05798 0.04144
-0.80370 0.00002 0.00000 0.05798 0.04144
-0.80840 0.00002 0.00000 0.05798 0.04144
-0.81310 0.00002 0.00000 0.05798 0.04144
-0.81780 0.00002 0.00000 0.05798 0.04144
-0.82250 0.00003 0.00000 0.05798 0.04144
-0.82720 0.00004 0.00000 0.05798 0.04144
-0.83190 0.00005 0.00000 0.05798 0.04144
-0.83660 0.00005 0.00001 0.05798 0.04144
-0.84130 0.00004 0.00001 0.05798 0.04144
-0.84600 0.00003 0.00001 0.05798 0.04144
-0.85070 0.00002 0.00001 0.05798 0.04144
-0.85540 0.00002 0.00001 0.05798 0.04144
-0.86010 0.00001 0.00002 0.05798 0.04144
-0.86480 0.00002 0.00002 0.05798 0.04144
-0.86950 0.00003 0.00002 0.05798 0.04144
-0.87420 0.00005 0.00002 0.05798 0.04144
-0.87890 0.00005 0.00001 0.05798 0.04144
-0.88360 0.00006 0.00001 0.05798 0.04144
-0.88830 0.00005 0.00000 0.05798 0.04144
-0.89300 0.00004 0.00000 0.05798 0.04144
-0.89770 0.00004 0.00000 0.05798 0.04144
-0.90240 0.00003 0.00000 0.05798 0.04144
-0.90710 0.00003 0.00000 0.05798 0.04144
-0.91180 0.00004 0.00000 0.05798 0.04144
-0.91650 0.00004 0.00000 0.05798 0.04144
-0.92120 0.00005 0.00000 0.05798 0.04144
-0.92590 0.00004 0.00000 0.05798 0.04144
-0.93060 0.00004 0.00000 0.05798 0.04144
-0.93530 0.00004 0.00000 0.05798 0.04144
-0.94000 0.00002 0.00000 0.05798 0.04144
-0.94470 0.00002 0.00000 0.05798 0.04144
-0.94940 0.00001 0.00000 0.05798 0.04144
-0.95410 0.00001 0.00000 0.05798 0.04144
-0.95880 -0.00000 0.00000 0.05798 0.04144
-0.96350 -0.00001 0.00000 0.05798 0.04144
-0.96820 -0.00001 0.00000 0.05798 0.04144
-0.97290 -0.00002 0.00000 0.05798 0.04144
-0.97760 -0.00002 0.00000 0.05798 0.04144
-0.98230 -0.00002 0.00000 0.05798 0.04144
-0.98700 -0.00002 0.00000 0.05798 0.04144
-0.99170 -0.00002 0.00000 0.05798 0.04144
-0.99640 -0.00003 0.00001 0.05798 0.04144
-1.00110 -0.00004 0.00001 0.05798 0.04144
