1.00340 -0.00001 0.00000 0.05687 0.05254
0.99760 -0.00000 0.00000 0.05687 0.05254
0.99180 0.00000 0.00000 0.05687 0.05254
0.98600 0.00001 0.00000 0.05687 0.05254
0.98020 0.00001 0.00000 0.05687 0.05254
0.97440 0.00001 0.00000 0.05687 0.05254
0.96860 0.00001 0.00000 0.05687 0.05254
0.96280 0.00001 0.00000 0.05687 0.05254
0.95700 0.00001 0.00000 0.05687 0.05254
0.95120 0.00001 0.00000 0.05687 0.05254
0.94540 0.00001 0.00000 0.05687 0.05254
0.93960 0.00001 0.00000 0.05687 0.05254
0.93380 0.00001 0.00000 0.05687 0.05254
0.92800 0.00000 0.00000 0.05687 0.05254
0.92220 0.00000 0.00000 0.05687 0.05254
0.91640 0.00000 0.00000 0.05687 0.05254
0.91060 0.00000 0.00000 0.05687 0.05254
0.90480 0.00000 0.00000 0.05687 0.05254
0.89900 0.00000 0.00000 0.05687 0.05254
0.89320 0.00000 0.00000 0.05687 0.05254
0.88740 -0.00000 0.00000 0.05687 0.05254
0.88160 -0.00000 0.00000 0.05687 0.05254
0.87580 -0.00000 0.00000 0.05687 0.05254
0.87000 -0.00000 0.00000 0.05687 0.05254
0.86420 -0.00001 0.00000 0.05687 0.05254
0.85840 -0.00000 0.00000 0.05687 0.05254
0.85260 -0.00000 0.00000 0.05687 0.05254
0.84680 0.00000 0.00000 0.05687 0.05254
0.84100 0.00000 0.00000 0.05687 0.05254
0.83520 0.00001 0.00000 0.05687 0.05254
0.82940 0.00001 0.00000 0.05687 0.05254
0.82360 0.00001 0.00000 0.05687 0.05254
0.81780 0.00001 0.00000 0.05687 0.05254
0.81200 0.00001 0.00000 0.05687 0.05254
0.80620 0.00001 0.00000 0.05687 0.05254
0.80040 0.00000 0.00000 0.05687 0.05254
0.79460 -0.00000 0.00000 0.05687 0.05254
0.78880 -0.00000 0.00000 0.05687 0.05254
0.78300 -0.00001 0.00000 0.05687 0.05254
0.77720 -0.00001 0.00000 0.05687 0.05254
0.77140 -0.00001 0.00000 0.05687 0.05254
0.76560 -0.00001 0.00000 0.05687 0.05254
0.75980 -0.00000 0.00000 0.05687 0.05254
0.75400 -0.00000 0.00000 0.05687 0.05254
0.74820 -0.00000 0.00000 0.05687 0.05254
0.74240 -0.00000 0.00000 0.05687 0.05254
0.73660 -0.00000 0.00000 0.05687 0.05254
0.73080 -0.00000 0.00000 0.05687 0.05254
0.72500 -0.00000 0.00000 0.05687 0.05254
0.71920 0.00000 0.00000 0.05687 0.05254
0.71340 0.00000 0.00000 0.05687 0.05254
0.70760 0.00000 0.00000 0.05687 0.05254
0.70180 -0.00000 0.00000 0.05687 0.05254
0.69600 -0.00000 0.00000 0.05687 0.05254
0.69020 -0.00000 0.00000 0.05687 0.05254
0.68440 -0.00000 0.00000 0.05687 0.05254
0.67860 -0.00000 0.00000 0.05687 0.05254
0.67280 -0.00000 0.00000 0.05687 0.05254
0.66700 0.00000 0.00000 0.05687 0.05254
0.66120 0.00000 0.00000 0.05687 0.05254
0.65540 0.00000 0.00000 0.05687 0.05254
0.64960 -0.00000 0.00000 0.05687 0.05254
0.64380 -0.00000 0.00000 0.05687 0.05254
0.63800 -0.00000 0.00000 0.05687 0.05254
0.63220 -0.00000 0.00000 0.05687 0.05254
0.62640 -0.00000 0.00000 0.05687 0.05254
0.62060 -0.00000 0.00000 0.05687 0.05254
0.61480 -0.00000 0.00000 0.05687 0.05254
0.60900 -0.00000 0.00000 0.05687 0.05254
0.60320 -0.00000 0.00000 0.05687 0.05254
0.59740 -0.00000 0.00000 0.05687 0.05254
0.59160 -0.00000 0.00000 0.05687 0.05254
0.58580 0.00000 0.00000 0.05687 0.05254
0.58000 0.00000 0.00000 0.05687 0.05254
0.57420 0.00000 0.00000 0.05687 0.05254
0.56840 0.00000 0.00000 0.05687 0.05254
0.56260 -0.00000 0.00000 0.05687 0.05254
0.55680 -0.00000 0.00000 0.05687 0.05254
0.55100 -0.00001 0.00000 0.05687 0.05254
0.54520 -0.00001 0.00000 0.05687 0.05254
0.53940 -0.00001 0.00000 0.05687 0.05254
0.53360 -0.00000 0.00000 0.05687 0.05254
0.52780 0.00000 0.00000 0.05687 0.05254
0.52200 0.00000 0.00000 0.05687 0.05254
0.51620 0.00001 0.00000 0.05687 0.05254
0.51040 0.00001 0.00000 0.05687 0.05254
0.50460 0.00001 0.00000 0.05687 0.05254
0.49880 0.00000 0.00000 0.05687 0.05254
0.49300 0.00000 0.00000 0.05687 0.05254
0.48720 -0.00000 0.00000 0.05687 0.05254
0.48140 -0.00000 0.00000 0.05687 0.05254
0.47560 -0.00000 0.00000 0.05687 0.05254
0.46980 -0.00000 0.00000 0.05687 0.05254
0.46400 -0.00000 0.00000 0.05687 0.05254
0.45820 -0.00000 0.00000 0.05687 0.05254
0.45240 0.00000 0.00000 0.05687 0.05254
0.44660 0.00001 0.00000 0.05687 0.05254
0.44080 0.00001 0.00000 0.05687 0.05254
0.43500 0.00002 0.00000 0.05687 0.05254
0.42920 0.00004 0.00001 0.05687 0.05254
0.42340 0.00005 0.00001 0.05687 0.05254
0.41760 0.00007 0.00001 0.05687 0.05254
0.41180 0.00008 0.00001 0.05687 0.05254
0.40600 0.00011 0.00001 0.05687 0.05254
0.40020 0.00013 0.00001 0.05687 0.05254
0.39440 0.00016 0.00001 0.05687 0.05254
0.38860 0.00019 0.00001 0.05687 0.05254
0.38280 0.00022 0.00001 0.05687 0.05254
0.37700 0.00026 0.00001 0.05687 0.05254
0.37120 0.00029 0.00001 0.05687 0.05254
0.36540 0.00033 0.00001 0.05687 0.05254
0.35960 0.00036 0.00001 0.05687 0.05254
0.35380 0.00039 0.00001 0.05687 0.05254
0.34800 0.00042 0.00001 0.05687 0.05254
0.34220 0.00044 0.00000 0.05687 0.05254
0.33640 0.00047 0.00001 0.05687 0.05254
0.33060 0.00049 0.00001 0.05687 0.05254
0.32480 0.00052 0.00001 0.05687 0.05254
0.31900 0.00054 0.00000 0.05687 0.05254
0.31320 0.00057 0.00001 0.05687 0.05254
0.30740 0.00059 0.00000 0.05687 0.05254
0.30160 0.00062 0.00001 0.05687 0.05254
0.29580 0.00064 0.00001 0.05687 0.05254
0.29000 0.00067 0.00001 0.05687 0.05254
0.28420 0.00070 0.00001 0.05687 0.05254
0.27840 0.00072 0.00001 0.05687 0.05254
0.27260 0.00075 0.00001 0.05687 0.05254
0.26680 0.00078 0.00001 0.05687 0.05254
0.26100 0.00079 0.00001 0.05687 0.05254
0.25520 0.00081 0.00001 0.05687 0.05254
0.24940 0.00082 0.00000 0.05687 0.05254
0.24360 0.00084 0.00001 0.05687 0.05254
0.23780 0.00085 0.00000 0.05687 0.05254
0.23200 0.00086 0.00000 0.05687 0.05254
0.22620 0.00086 0.00001 0.05687 0.05254
0.22040 0.00088 0.00001 0.05687 0.05254
0.21460 0.00090 0.00001 0.05687 0.05254
0.20880 0.00092 0.00001 0.05687 0.05254
0.20300 0.00094 0.00001 0.05687 0.05254
0.19720 0.00096 0.00001 0.05687 0.05254
0.19140 0.00099 0.00001 0.05687 0.05254
0.18560 0.00101 0.00000 0.05687 0.05254
0.17980 0.00104 0.00001 0.05687 0.05254
0.17400 0.00106 0.00001 0.05687 0.05254
0.16820 0.00107 0.00001 0.05687 0.05254
0.16240 0.00109 0.00001 0.05687 0.05254
0.15660 0.00112 0.00001 0.05687 0.05254
0.15080 0.00115 0.00001 0.05687 0.05254
0.14500 0.00117 0.00001 0.05687 0.05254
0.13920 0.00121 0.00002 0.05687 0.05254
0.13340 0.00126 0.00002 0.05687 0.05254
0.12760 0.00132 0.00003 0.05687 0.05254
0.12180 0.00139 0.00003 0.05687 0.05254
0.11600 0.00144 0.00001 0.05687 0.05254
0.11020 0.00150 0.00003 0.05687 0.05254
0.10440 0.00159 0.00004 0.05687 0.05254
0.09860 0.00170 0.00004 0.05687 0.05254
0.09280 0.00180 0.00004 0.05687 0.05254
0.08700 0.00187 0.00004 0.05687 0.05254
0.08120 0.00199 0.00003 0.05687 0.05254
0.07540 0.00210 0.00002 0.05687 0.05254
0.06960 0.00224 0.00002 0.05687 0.05254
0.06380 0.00235 0.00002 0.05687 0.05254
0.05800 0.00250 0.00004 0.05687 0.05254
0.05220 0.00258 0.00004 0.05687 0.05254
0.04640 0.00279 0.00007 0.05687 0.05254
0.04060 0.00298 0.00006 0.05687 0.05254
0.03480 0.00317 0.00007 0.05687 0.05254
0.02900 0.00345 0.00003 0.05687 0.05254
0.02320 0.00367 0.00005 0.05687 0.05254
0.01740 0.00402 0.00002 0.05687 0.05254
0.01160 0.00419 0.00006 0.05687 0.05254
0.00580 0.00438 0.00003 0.05687 0.05254
0.00000 0.00439 0.00004 0.05687 0.05254
-0.00580 0.00437 0.00003 0.05687 0.05254
-0.01160 0.00418 0.00002 0.05687 0.05254
-0.01740 0.00397 0.00006 0.05687 0.05254
-0.02320 0.00364 0.00004 0.05687 0.05254
-0.02900 0.00338 0.00006 0.05687 0.05254
-0.03480 0.00313 0.00007 0.05687 0.05254
-0.04060 0.00291 0.00007 0.05687 0.05254
-0.04640 0.00271 0.00008 0.05687 0.05254
-0.05220 0.00249 0.00005 0.05687 0.05254
-0.05800 0.00240 0.00003 0.05687 0.05254
-0.06380 0.00227 0.00002 0.05687 0.05254
-0.06960 0.00214 0.00003 0.05687 0.05254
-0.07540 0.00200 0.00002 0.05687 0.05254
-0.08120 0.00189 0.00003 0.05687 0.05254
-0.08700 0.00176 0.00005 0.05687 0.05254
-0.09280 0.00168 0.00003 0.05687 0.05254
-0.09860 0.00158 0.00003 0.05687 0.05254
-0.10440 0.00147 0.00003 0.05687 0.05254
-0.11020 0.00138 0.00002 0.05687 0.05254
-0.11600 0.00131 0.00001 0.05687 0.05254
-0.12180 0.00127 0.00002 0.05687 0.05254
-0.12760 0.00120 0.00002 0.05687 0.05254
-0.13340 0.00115 0.00001 0.05687 0.05254
-0.13920 0.00112 0.00001 0.05687 0.05254
-0.14500 0.00108 0.00001 0.05687 0.05254
-0.15080 0.00107 0.00000 0.05687 0.05254
-0.15660 0.00104 0.00000 0.05687 0.05254
-0.16240 0.00102 0.00000 0.05687 0.05254
-0.16820 0.00100 0.00001 0.05687 0.05254
-0.17400 0.00098 0.00001 0.05687 0.05254
-0.17980 0.00097 0.00000 0.05687 0.05254
-0.18560 0.00095 0.00000 0.05687 0.05254
-0.19140 0.00093 0.00000 0.05687 0.05254
-0.19720 0.00092 0.00000 0.05687 0.05254
-0.20300 0.00091 0.00000 0.05687 0.05254
-0.20880 0.00090 0.00000 0.05687 0.05254
-0.21460 0.00089 0.00000 0.05687 0.05254
-0.22040 0.00088 0.00001 0.05687 0.05254
-0.22620 0.00086 0.00000 0.05687 0.05254
-0.23200 0.00085 0.00000 0.05687 0.05254
-0.23780 0.00083 0.00001 0.05687 0.05254
-0.24360 0.00082 0.00000 0.05687 0.05254
-0.24940 0.00080 0.00000 0.05687 0.05254
-0.25520 0.00079 0.00000 0.05687 0.05254
-0.26100 0.00077 0.00001 0.05687 0.05254
-0.26680 0.00076 0.00000 0.05687 0.05254
-0.27260 0.00074 0.00000 0.05687 0.05254
-0.27840 0.00071 0.00001 0.05687 0.05254
-0.28420 0.00069 0.00001 0.05687 0.05254
-0.29000 0.00067 0.00001 0.05687 0.05254
-0.29580 0.00065 0.00001 0.05687 0.05254
-0.30160 0.00062 0.00001 0.05687 0.05254
-0.30740 0.00059 0.00001 0.05687 0.05254
-0.31320 0.00057 0.00000 0.05687 0.05254
-0.31900 0.00054 0.00001 0.05687 0.05254
-0.32480 0.00052 0.00001 0.05687 0.05254
-0.33060 0.00049 0.00001 0.05687 0.05254
-0.33640 0.00047 0.00000 0.05687 0.05254
-0.34220 0.00045 0.00000 0.05687 0.05254
-0.34800 0.00044 0.00001 0.05687 0.05254
-0.35380 0.00042 0.00000 0.05687 0.05254
-0.35960 0.00041 0.00000 0.05687 0.05254
-0.36540 0.00039 0.00000 0.05687 0.05254
-0.37120 0.00035 0.00001 0.05687 0.05254
-0.37700 0.00032 0.00001 0.05687 0.05254
-0.38280 0.00029 0.00001 0.05687 0.05254
-0.38860 0.00026 0.00001 0.05687 0.05254
-0.39440 0.00023 0.00001 0.05687 0.05254
-0.40020 0.00019 0.00001 0.05687 0.05254
-0.40600 0.00017 0.00001 0.05687 0.05254
-0.41180 0.00015 0.00001 0.05687 0.05254
-0.41760 0.00013 0.00000 0.05687 0.05254
-0.42340 0.00010 0.00000 0.05687 0.05254
-0.42920 0.00009 0.00000 0.05687 0.05254
-0.43500 0.00007 0.00001 0.05687 0.05254
-0.44080 0.00006 0.00000 0.05687 0.05254
-0.44660 0.00005 0.00000 0.05687 0.05254
-0.45240 0.00003 0.00000 0.05687 0.05254
-0.45820 0.00003 0.00000 0.05687 0.05254
-0.46400 0.00002 0.00000 0.05687 0.05254
-0.46980 0.00001 0.00000 0.05687 0.05254
-0.47560 0.00001 0.00000 0.05687 0.05254
-0.48140 0.00000 0.00000 0.05687 0.05254
-0.48720 -0.00000 0.00000 0.05687 0.05254
-0.49300 -0.00001 0.00000 0.05687 0.05254
-0.49880 -0.00001 0.00000 0.05687 0.05254
-0.50460 -0.00000 0.00000 0.05687 0.05254
-0.51040 -0.00000 0.00000 0.05687 0.05254
-0.51620 0.00000 0.00000 0.05687 0.05254
-0.52200 0.00001 0.00000 0.05687 0.05254
-0.52780 0.00001 0.00000 0.05687 0.05254
-0.53360 0.00001 0.00000 0.05687 0.05254
-0.53940 0.00001 0.00000 0.05687 0.05254
-0.54520 0.00001 0.00000 0.05687 0.05254
-0.55100 0.00000 0.00000 0.05687 0.05254
-0.55680 -0.00000 0.00000 0.05687 0.05254
-0.56260 -0.00000 0.00000 0.05687 0.05254
-0.56840 -0.00001 0.00000 0.05687 0.05254
-0.57420 -0.00001 0.00000 0.05687 0.05254
-0.58000 -0.00000 0.00000 0.05687 0.05254
-0.58580 -0.00000 0.00000 0.05687 0.05254
-0.59160 0.00000 0.00000 0.05687 0.05254
-0.59740 0.00001 0.00000 0.05687 0.05254
-0.60320 0.00001 0.00000 0.05687 0.05254
-0.60900 0.00001 0.00000 0.05687 0.05254
-0.61480 0.00000 0.00000 0.05687 0.05254
-0.62060 0.00000 0.00000 0.05687 0.05254
-0.62640 -0.00000 0.00000 0.05687 0.05254
-0.63220 -0.00001 0.00000 0.05687 0.05254
-0.63800 -0.00000 0.00000 0.05687 0.05254
-0.64380 -0.00000 0.00000 0.05687 0.05254
-0.64960 -0.00000 0.00000 0.05687 0.05254
-0.65540 0.00000 0.00000 0.05687 0.05254
-0.66120 0.00000 0.00000 0.05687 0.05254
-0.66700 0.00001 0.00000 0.05687 0.05254
-0.67280 0.00001 0.00000 0.05687 0.05254
-0.67860 0.00000 0.00000 0.05687 0.05254
-0.68440 -0.00000 0.00000 0.05687 0.05254
-0.69020 -0.00001 0.00000 0.05687 0.05254
-0.69600 -0.00001 0.00000 0.05687 0.05254
-0.70180 -0.00001 0.00000 0.05687 0.05254
-0.70760 -0.00001 0.00000 0.05687 0.05254
-0.71340 -0.00001 0.00000 0.05687 0.05254
-0.71920 -0.00001 0.00000 0.05687 0.05254
-0.72500 -0.00001 0.00000 0.05687 0.05254
-0.73080 -0.00001 0.00000 0.05687 0.05254
-0.73660 -0.00001 0.00000 0.05687 0.05254
-0.74240 -0.00001 0.00000 0.05687 0.05254
-0.74820 -0.00001 0.00000 0.05687 0.05254
-0.75400 -0.00002 0.00000 0.05687 0.05254
-0.75980 -0.00002 0.00000 0.05687 0.05254
-0.76560 -0.00002 0.00000 0.05687 0.05254
-0.77140 -0.00003 0.00000 0.05687 0.05254
-0.77720 -0.00003 0.00000 0.05687 0.05254
-0.78300 -0.00003 0.00000 0.05687 0.05254
-0.78880 -0.00004 0.00000 0.05687 0.05254
-0.79460 -0.00004 0.00000 0.05687 0.05254
-0.80040 -0.00004 0.00000 0.05687 0.05254
-0.80620 -0.00004 0.00000 0.05687 0.05254
-0.81200 -0.00003 0.00000 0.05687 0.05254
-0.81780 -0.00003 0.00000 0.05687 0.05254
-0.82360 -0.00002 0.00000 0.05687 0.05254
-0.82940 -0.00002 0.00000 0.05687 0.05254
-0.83520 -0.00001 0.00000 0.05687 0.05254
-0.84100 -0.00001 0.00000 0.05687 0.05254
-0.84680 -0.00001 0.00000 0.05687 0.05254
-0.85260 -0.00001 0.00000 0.05687 0.05254
-0.85840 -0.00001 0.00000 0.05687 0.05254
-0.86420 -0.00002 0.00000 0.05687 0.05254
-0.87000 -0.00002 0.00000 0.05687 0.05254
-0.87580 -0.00002 0.00000 0.05687 0.05254
-0.88160 -0.00002 0.00000 0.05687 0.05254
-0.88740 -0.00002 0.00000 0.05687 0.05254
-0.89320 -0.00001 0.00000 0.05687 0.05254
-0.89900 -0.00000 0.00000 0.05687 0.05254
-0.90480 0.00000 0.00000 0.05687 0.05254
-0.91060 0.00001 0.00000 0.05687 0.05254
-0.91640 0.00001 0.00000 0.05687 0.05254
-0.92220 0.00001 0.00000 0.05687 0.05254
-0.92800 0.00001 0.00000 0.05687 0.05254
-0.93380 0.00001 0.00000 0.05687 0.05254
-0.93960 0.00000 0.00000 0.05687 0.05254
-0.94540 0.00000 0.00000 0.05687 0.05254
-0.95120 0.00000 0.00000 0.05687 0.05254
-0.95700 -0.00000 0.00000 0.05687 0.05254
-0.96280 -0.00000 0.00000 0.05687 0.05254
-0.96860 -0.00000 0.00000 0.05687 0.05254
-0.97440 -0.00000 0.00000 0.05687 0.05254
-0.98020 -0.00000 0.00000 0.05687 0.05254
-0.98600 0.00000 0.00000 0.05687 0.05254
-0.99180 -0.00000 0.00000 0.05687 0.05254
-0.99760 -0.00000 0.00000 0.05687 0.05254
-1.00340 -0.00000 0.00000 0.05687 0.05254
