1.00340 nan -4.74651 0.05798 0.05355
0.99760 nan -3.98075 0.05798 0.05355
0.99180 nan -5.28705 0.05798 0.05355
0.98600 nan -3.13329 0.05798 0.05355
0.98020 nan -1.14768 0.05798 0.05355
0.97440 nan -1.05196 0.05798 0.05355
0.96860 nan -0.92294 0.05798 0.05355
0.96280 nan -0.93287 0.05798 0.05355
0.95700 nan -0.92370 0.05798 0.05355
0.95120 nan -1.05732 0.05798 0.05355
0.94540 nan -1.34780 0.05798 0.05355
0.93960 nan -1.95868 0.05798 0.05355
0.93380 nan -24.26589 0.05798 0.05355
0.92800 nan -0.94054 0.05798 0.05355
0.92220 nan 3.67368 0.05798 0.05355
0.91640 nan 4.49855 0.05798 0.05355
0.91060 nan 11.69609 0.05798 0.05355
0.90480 nan 10.67697 0.05798 0.05355
0.89900 nan 14.61069 0.05798 0.05355
0.89320 nan 7.95012 0.05798 0.05355
0.88740 nan 4.23631 0.05798 0.05355
0.88160 nan 3.36685 0.05798 0.05355
0.87580 nan 3.52086 0.05798 0.05355
0.87000 nan 11.38501 0.05798 0.05355
0.86420 nan -21.32730 0.05798 0.05355
0.85840 nan -4.25678 0.05798 0.05355
0.85260 nan -3.44368 0.05798 0.05355
0.84680 nan -2.65315 0.05798 0.05355
0.84100 nan -2.73078 0.05798 0.05355
0.83520 nan -3.68909 0.05798 0.05355
0.82940 nan -7.23238 0.05798 0.05355
0.82360 nan -1.69292 0.05798 0.05355
0.81780 nan -2.27287 0.05798 0.05355
0.81200 nan -15.28898 0.05798 0.05355
0.80620 nan 0.91187 0.05798 0.05355
0.80040 nan 3.60572 0.05798 0.05355
0.79460 nan 15.39161 0.05798 0.05355
0.78880 nan 4.39846 0.05798 0.05355
0.78300 nan 2.16797 0.05798 0.05355
0.77720 nan 1.62474 0.05798 0.05355
0.77140 nan 1.80526 0.05798 0.05355
0.76560 nan 1.66018 0.05798 0.05355
0.75980 nan 2.05539 0.05798 0.05355
0.75400 nan 2.15569 0.05798 0.05355
0.74820 nan 3.10348 0.05798 0.05355
0.74240 nan 4.20349 0.05798 0.05355
0.73660 nan -5.32477 0.05798 0.05355
0.73080 nan 0.25898 0.05798 0.05355
0.72500 nan 0.84774 0.05798 0.05355
0.71920 nan -28.45747 0.05798 0.05355
0.71340 nan -46.70680 0.05798 0.05355
0.70760 nan -15.70045 0.05798 0.05355
0.70180 nan -5.94185 0.05798 0.05355
0.69600 nan -6.57230 0.05798 0.05355
0.69020 nan -3.06904 0.05798 0.05355
0.68440 nan -4.40329 0.05798 0.05355
0.67860 nan -4.42930 0.05798 0.05355
0.67280 nan -13.99303 0.05798 0.05355
0.66700 nan -60.92721 0.05798 0.05355
0.66120 nan -18.12081 0.05798 0.05355
0.65540 nan -550.41570 0.05798 0.05355
0.64960 nan 13.25882 0.05798 0.05355
0.64380 nan 7.20528 0.05798 0.05355
0.63800 nan 9.42659 0.05798 0.05355
0.63220 nan 5.02487 0.05798 0.05355
0.62640 nan 8.21594 0.05798 0.05355
0.62060 nan 5.45225 0.05798 0.05355
0.61480 nan 12.82950 0.05798 0.05355
0.60900 nan 5.43431 0.05798 0.05355
0.60320 nan 7.31665 0.05798 0.05355
0.59740 nan 88.35818 0.05798 0.05355
0.59160 nan 60.04645 0.05798 0.05355
0.58580 nan 8.87811 0.05798 0.05355
0.58000 nan 3.51918 0.05798 0.05355
0.57420 nan 3.30293 0.05798 0.05355
0.56840 nan 7.34792 0.05798 0.05355
0.56260 nan 19.11514 0.05798 0.05355
0.55680 nan 4.14809 0.05798 0.05355
0.55100 nan 1.85647 0.05798 0.05355
0.54520 nan 1.61899 0.05798 0.05355
0.53940 nan 2.00642 0.05798 0.05355
0.53360 nan 4.74728 0.05798 0.05355
0.52780 nan 7.63807 0.05798 0.05355
0.52200 nan 4.19909 0.05798 0.05355
0.51620 nan 1.70842 0.05798 0.05355
0.51040 nan 2.13189 0.05798 0.05355
0.50460 nan 2.14254 0.05798 0.05355
0.49880 nan 5.80796 0.05798 0.05355
0.49300 nan 6.02505 0.05798 0.05355
0.48720 nan 3.42250 0.05798 0.05355
0.48140 nan 2.33565 0.05798 0.05355
0.47560 nan 1.94772 0.05798 0.05355
0.46980 nan 2.50636 0.05798 0.05355
0.46400 nan 2.55355 0.05798 0.05355
0.45820 nan 27.20448 0.05798 0.05355
0.45240 nan 4.35838 0.05798 0.05355
0.44660 nan 0.98577 0.05798 0.05355
0.44080 nan 0.60541 0.05798 0.05355
0.43500 nan 0.40934 0.05798 0.05355
0.42920 nan 0.24903 0.05798 0.05355
0.42340 nan 0.19714 0.05798 0.05355
0.41760 2.86097 0.13240 0.05798 0.05355
0.41180 2.81852 0.11915 0.05798 0.05355
0.40600 2.73317 0.09190 0.05798 0.05355
0.40020 2.67904 0.07940 0.05798 0.05355
0.39440 2.60754 0.06430 0.05798 0.05355
0.38860 2.54901 0.05518 0.05798 0.05355
0.38280 2.50589 0.04921 0.05798 0.05355
0.37700 2.45179 0.04258 0.05798 0.05355
0.37120 2.41946 0.03880 0.05798 0.05355
0.36540 2.36492 0.03386 0.05798 0.05355
0.35960 2.34428 0.03158 0.05798 0.05355
0.35380 2.31451 0.02937 0.05798 0.05355
0.34800 2.29503 0.02752 0.05798 0.05355
0.34220 2.27969 0.02628 0.05798 0.05355
0.33640 2.25902 0.02471 0.05798 0.05355
0.33060 2.24904 0.02370 0.05798 0.05355
0.32480 2.22211 0.02236 0.05798 0.05355
0.31900 2.21325 0.02183 0.05798 0.05355
0.31320 2.18682 0.02085 0.05798 0.05355
0.30740 2.16484 0.02011 0.05798 0.05355
0.30160 2.13992 0.01935 0.05798 0.05355
0.29580 2.11447 0.01886 0.05798 0.05355
0.29000 2.09957 0.01824 0.05798 0.05355
0.28420 2.07153 0.01779 0.05798 0.05355
0.27840 2.06246 0.01722 0.05798 0.05355
0.27260 2.04005 0.01669 0.05798 0.05355
0.26680 2.03854 0.01622 0.05798 0.05355
0.26100 2.03282 0.01592 0.05798 0.05355
0.25520 2.02937 0.01557 0.05798 0.05355
0.24940 2.03832 0.01523 0.05798 0.05355
0.24360 2.04229 0.01494 0.05798 0.05355
0.23780 2.05294 0.01472 0.05798 0.05355
0.23200 2.06398 0.01444 0.05798 0.05355
0.22620 2.07498 0.01424 0.05798 0.05355
0.22040 2.08187 0.01393 0.05798 0.05355
0.21460 2.08746 0.01362 0.05798 0.05355
0.20880 2.09300 0.01330 0.05798 0.05355
0.20300 2.08125 0.01309 0.05798 0.05355
0.19720 2.08446 0.01277 0.05798 0.05355
0.19140 2.07407 0.01245 0.05798 0.05355
0.18560 2.07984 0.01216 0.05798 0.05355
0.17980 2.07852 0.01185 0.05798 0.05355
0.17400 2.08011 0.01167 0.05798 0.05355
0.16820 2.08172 0.01148 0.05798 0.05355
0.16240 2.08184 0.01122 0.05798 0.05355
0.15660 2.08747 0.01094 0.05798 0.05355
0.15080 2.08006 0.01065 0.05798 0.05355
0.14500 2.07880 0.01044 0.05798 0.05355
0.13920 2.06752 0.01011 0.05798 0.05355
0.13340 2.05209 0.00977 0.05798 0.05355
0.12760 2.03497 0.00939 0.05798 0.05355
0.12180 2.01040 0.00902 0.05798 0.05355
0.11600 1.99783 0.00876 0.05798 0.05355
0.11020 1.97462 0.00849 0.05798 0.05355
0.10440 1.95434 0.00811 0.05798 0.05355
0.09860 1.92172 0.00771 0.05798 0.05355
0.09280 1.90251 0.00736 0.05798 0.05355
0.08700 1.88629 0.00711 0.05798 0.05355
0.08120 1.85958 0.00677 0.05798 0.05355
0.07540 1.84748 0.00647 0.05798 0.05355
0.06960 1.81785 0.00612 0.05798 0.05355
0.06380 1.81065 0.00585 0.05798 0.05355
0.05800 1.77980 0.00558 0.05798 0.05355
0.05220 1.77650 0.00541 0.05798 0.05355
0.04640 1.74939 0.00506 0.05798 0.05355
0.04060 1.73292 0.00477 0.05798 0.05355
0.03480 1.72652 0.00451 0.05798 0.05355
0.02900 1.69335 0.00423 0.05798 0.05355
0.02320 1.69101 0.00400 0.05798 0.05355
0.01740 1.67341 0.00372 0.05798 0.05355
0.01160 1.68355 0.00357 0.05798 0.05355
0.00580 1.69253 0.00342 0.05798 0.05355
0.00000 1.70589 0.00339 0.05798 0.05355
-0.00580 1.72124 0.00338 0.05798 0.05355
-0.01160 1.74914 0.00346 0.05798 0.05355
-0.01740 1.77981 0.00357 0.05798 0.05355
-0.02320 1.80882 0.00381 0.05798 0.05355
-0.02900 1.83941 0.00402 0.05798 0.05355
-0.03480 1.85325 0.00431 0.05798 0.05355
-0.04060 1.87914 0.00456 0.05798 0.05355
-0.04640 1.89925 0.00485 0.05798 0.05355
-0.05220 1.91097 0.00525 0.05798 0.05355
-0.05800 1.92260 0.00543 0.05798 0.05355
-0.06380 1.91789 0.00578 0.05798 0.05355
-0.06960 1.93374 0.00607 0.05798 0.05355
-0.07540 1.93124 0.00654 0.05798 0.05355
-0.08120 1.94970 0.00686 0.05798 0.05355
-0.08700 1.96012 0.00731 0.05798 0.05355
-0.09280 1.96925 0.00762 0.05798 0.05355
-0.09860 1.99861 0.00799 0.05798 0.05355
-0.10440 2.01623 0.00854 0.05798 0.05355
-0.11020 2.05306 0.00892 0.05798 0.05355
-0.11600 2.06368 0.00934 0.05798 0.05355
-0.12180 2.08684 0.00957 0.05798 0.05355
-0.12760 2.11042 0.01002 0.05798 0.05355
-0.13340 2.12928 0.01038 0.05798 0.05355
-0.13920 2.14530 0.01070 0.05798 0.05355
-0.14500 2.14505 0.01105 0.05798 0.05355
-0.15080 2.15302 0.01119 0.05798 0.05355
-0.15660 2.14253 0.01156 0.05798 0.05355
-0.16240 2.15308 0.01175 0.05798 0.05355
-0.16820 2.15077 0.01204 0.05798 0.05355
-0.17400 2.14994 0.01222 0.05798 0.05355
-0.17980 2.14961 0.01239 0.05798 0.05355
-0.18560 2.14089 0.01269 0.05798 0.05355
-0.19140 2.14763 0.01284 0.05798 0.05355
-0.19720 2.12556 0.01317 0.05798 0.05355
-0.20300 2.13204 0.01330 0.05798 0.05355
-0.20880 2.11124 0.01356 0.05798 0.05355
-0.21460 2.12283 0.01367 0.05798 0.05355
-0.22040 2.12909 0.01383 0.05798 0.05355
-0.22620 2.13146 0.01410 0.05798 0.05355
-0.23200 2.14270 0.01418 0.05798 0.05355
-0.23780 2.13880 0.01452 0.05798 0.05355
-0.24360 2.14776 0.01463 0.05798 0.05355
-0.24940 2.14376 0.01501 0.05798 0.05355
-0.25520 2.15461 0.01520 0.05798 0.05355
-0.26100 2.15612 0.01555 0.05798 0.05355
-0.26680 2.16196 0.01580 0.05798 0.05355
-0.27260 2.17750 0.01606 0.05798 0.05355
-0.27840 2.18744 0.01665 0.05798 0.05355
-0.28420 2.21149 0.01698 0.05798 0.05355
-0.29000 2.22340 0.01760 0.05798 0.05355
-0.29580 2.25472 0.01800 0.05798 0.05355
-0.30160 2.27516 0.01858 0.05798 0.05355
-0.30740 2.31203 0.01923 0.05798 0.05355
-0.31320 2.34893 0.01990 0.05798 0.05355
-0.31900 2.38647 0.02084 0.05798 0.05355
-0.32480 2.41200 0.02122 0.05798 0.05355
-0.33060 2.44495 0.02235 0.05798 0.05355
-0.33640 2.47938 0.02294 0.05798 0.05355
-0.34220 2.50748 0.02386 0.05798 0.05355
-0.34800 2.52680 0.02450 0.05798 0.05355
-0.35380 2.55450 0.02542 0.05798 0.05355
-0.35960 2.57557 0.02656 0.05798 0.05355
-0.36540 2.61075 0.02777 0.05798 0.05355
-0.37120 2.65610 0.03037 0.05798 0.05355
-0.37700 2.70543 0.03254 0.05798 0.05355
-0.38280 2.75144 0.03591 0.05798 0.05355
-0.38860 2.81039 0.03930 0.05798 0.05355
-0.39440 2.87363 0.04412 0.05798 0.05355
-0.40020 2.94176 0.05119 0.05798 0.05355
-0.40600 2.99787 0.05754 0.05798 0.05355
-0.41180 3.05275 0.06686 0.05798 0.05355
-0.41760 3.08666 0.07284 0.05798 0.05355
-0.42340 3.17476 0.09151 0.05798 0.05355
-0.42920 3.22902 0.10647 0.05798 0.05355
-0.43500 3.32013 0.13492 0.05798 0.05355
-0.44080 3.38053 0.15821 0.05798 0.05355
-0.44660 nan 0.18878 0.05798 0.05355
-0.45240 nan 0.26739 0.05798 0.05355
-0.45820 nan 0.33481 0.05798 0.05355
-0.46400 nan 0.54754 0.05798 0.05355
-0.46980 nan 0.73539 0.05798 0.05355
-0.47560 nan 1.46644 0.05798 0.05355
-0.48140 nan 11.53944 0.05798 0.05355
-0.48720 nan 4.07326 0.05798 0.05355
-0.49300 nan 5.49908 0.05798 0.05355
-0.49880 nan 2.72881 0.05798 0.05355
-0.50460 nan 3.20642 0.05798 0.05355
-0.51040 nan 3.30735 0.05798 0.05355
-0.51620 nan 3.84355 0.05798 0.05355
-0.52200 nan 1.81329 0.05798 0.05355
-0.52780 nan 1.36062 0.05798 0.05355
-0.53360 nan 1.27609 0.05798 0.05355
-0.53940 nan 1.75683 0.05798 0.05355
-0.54520 nan -26.36185 0.05798 0.05355
-0.55100 nan -8.72166 0.05798 0.05355
-0.55680 nan -1.28991 0.05798 0.05355
-0.56260 nan -32.95764 0.05798 0.05355
-0.56840 nan 0.10875 0.05798 0.05355
-0.57420 nan -2.96971 0.05798 0.05355
-0.58000 nan 5.31648 0.05798 0.05355
-0.58580 nan 16.82505 0.05798 0.05355
-0.59160 nan 24.64763 0.05798 0.05355
-0.59740 nan 2.37751 0.05798 0.05355
-0.60320 nan 2.00051 0.05798 0.05355
-0.60900 nan 2.43241 0.05798 0.05355
-0.61480 nan 5.53996 0.05798 0.05355
-0.62060 nan 12.05089 0.05798 0.05355
-0.62640 nan 4.17606 0.05798 0.05355
-0.63220 nan 2.57629 0.05798 0.05355
-0.63800 nan 3.04425 0.05798 0.05355
-0.64380 nan 4.20591 0.05798 0.05355
-0.64960 nan 13.53224 0.05798 0.05355
-0.65540 nan 5.49702 0.05798 0.05355
-0.66120 nan 2.95865 0.05798 0.05355
-0.66700 nan 3.70240 0.05798 0.05355
-0.67280 nan 4.45668 0.05798 0.05355
-0.67860 nan 7.94835 0.05798 0.05355
-0.68440 nan 6.41939 0.05798 0.05355
-0.69020 nan 2.53153 0.05798 0.05355
-0.69600 nan 2.43818 0.05798 0.05355
-0.70180 nan 2.60922 0.05798 0.05355
-0.70760 nan 4.60729 0.05798 0.05355
-0.71340 nan -108.77757 0.05798 0.05355
-0.71920 nan -3.90886 0.05798 0.05355
-0.72500 nan -2.51661 0.05798 0.05355
-0.73080 nan -2.04029 0.05798 0.05355
-0.73660 nan -1.98905 0.05798 0.05355
-0.74240 nan -2.10389 0.05798 0.05355
-0.74820 nan -2.91685 0.05798 0.05355
-0.75400 nan -12.12867 0.05798 0.05355
-0.75980 nan -3.57992 0.05798 0.05355
-0.76560 nan -6.49918 0.05798 0.05355
-0.77140 nan -1.86168 0.05798 0.05355
-0.77720 nan -1.87106 0.05798 0.05355
-0.78300 nan -1.37830 0.05798 0.05355
-0.78880 nan -1.69048 0.05798 0.05355
-0.79460 nan -1.79536 0.05798 0.05355
-0.80040 nan -2.66454 0.05798 0.05355
-0.80620 nan -7.23969 0.05798 0.05355
-0.81200 nan -4.24813 0.05798 0.05355
-0.81780 nan -4.27965 0.05798 0.05355
-0.82360 nan -2.71014 0.05798 0.05355
-0.82940 nan -3.70561 0.05798 0.05355
-0.83520 nan -2.83794 0.05798 0.05355
-0.84100 nan -5.95580 0.05798 0.05355
-0.84680 nan -1.89562 0.05798 0.05355
-0.85260 nan 0.40680 0.05798 0.05355
-0.85840 nan -2.52629 0.05798 0.05355
-0.86420 nan -0.47238 0.05798 0.05355
-0.87000 nan -3.16187 0.05798 0.05355
-0.87580 nan 45.08135 0.05798 0.05355
-0.88160 nan 19.80061 0.05798 0.05355
-0.88740 nan -156.99100 0.05798 0.05355
-0.89320 nan 32.26173 0.05798 0.05355
-0.89900 nan -2.52832 0.05798 0.05355
-0.90480 nan 14.95771 0.05798 0.05355
-0.91060 nan 24.67452 0.05798 0.05355
-0.91640 nan 7.40414 0.05798 0.05355
-0.92220 nan -11.86458 0.05798 0.05355
-0.92800 nan -13.45483 0.05798 0.05355
-0.93380 nan 12.98681 0.05798 0.05355
-0.93960 nan 14.55347 0.05798 0.05355
-0.94540 nan 6.98025 0.05798 0.05355
-0.95120 nan 8.26121 0.05798 0.05355
-0.95700 nan 14.45565 0.05798 0.05355
-0.96280 nan 31.04223 0.05798 0.05355
-0.96860 nan 5.27991 0.05798 0.05355
-0.97440 nan 4.70212 0.05798 0.05355
-0.98020 nan 5.49337 0.05798 0.05355
-0.98600 nan 148.01451 0.05798 0.05355
-0.99180 nan 7.80991 0.05798 0.05355
-0.99760 nan 4.40304 0.05798 0.05355
-1.00340 nan 102.84676 0.05798 0.05355
