1.00110 -0.00005 0.00001 0.05798 0.04144
0.99640 -0.00005 0.00001 0.05798 0.04144
0.99170 -0.00006 0.00000 0.05798 0.04144
0.98700 -0.00007 0.00001 0.05798 0.04144
0.98230 -0.00008 0.00001 0.05798 0.04144
0.97760 -0.00009 0.00001 0.05798 0.04144
0.97290 -0.00009 0.00000 0.05798 0.04144
0.96820 -0.00009 0.00001 0.05798 0.04144
0.96350 -0.00009 0.00001 0.05798 0.04144
0.95880 -0.00009 0.00000 0.05798 0.04144
0.95410 -0.00008 0.00001 0.05798 0.04144
0.94940 -0.00007 0.00001 0.05798 0.04144
0.94470 -0.00004 0.00001 0.05798 0.04144
0.94000 -0.00002 0.00000 0.05798 0.04144
0.93530 0.00002 0.00001 0.05798 0.04144
0.93060 0.00004 0.00001 0.05798 0.04144
0.92590 0.00005 0.00001 0.05798 0.04144
0.92120 0.00006 0.00001 0.05798 0.04144
0.91650 0.00007 0.00001 0.05798 0.04144
0.91180 0.00005 0.00001 0.05798 0.04144
0.90710 0.00005 0.00001 0.05798 0.04144
0.90240 0.00004 0.00001 0.05798 0.04144
0.89770 0.00003 0.00001 0.05798 0.04144
0.89300 0.00003 0.00000 0.05798 0.04144
0.88830 0.00003 0.00000 0.05798 0.04144
0.88360 0.00003 0.00000 0.05798 0.04144
0.87890 0.00003 0.00000 0.05798 0.04144
0.87420 0.00003 0.00000 0.05798 0.04144
0.86950 0.00003 0.00001 0.05798 0.04144
0.86480 0.00002 0.00001 0.05798 0.04144
0.86010 -0.00001 0.00002 0.05798 0.04144
0.85540 -0.00002 0.00002 0.05798 0.04144
0.85070 -0.00005 0.00001 0.05798 0.04144
0.84600 -0.00007 0.00002 0.05798 0.04144
0.84130 -0.00007 0.00002 0.05798 0.04144
0.83660 -0.00008 0.00002 0.05798 0.04144
0.83190 -0.00007 0.00002 0.05798 0.04144
0.82720 -0.00006 0.00002 0.05798 0.04144
0.82250 -0.00004 0.00002 0.05798 0.04144
0.81780 -0.00002 0.00001 0.05798 0.04144
0.81310 -0.00001 0.00001 0.05798 0.04144
0.80840 0.00001 0.00000 0.05798 0.04144
0.80370 0.00002 0.00001 0.05798 0.04144
0.79900 0.00003 0.00000 0.05798 0.04144
0.79430 0.00004 0.00000 0.05798 0.04144
0.78960 0.00005 0.00001 0.05798 0.04144
0.78490 0.00005 0.00001 0.05798 0.04144
0.78020 0.00005 0.00001 0.05798 0.04144
0.77550 0.00005 0.00001 0.05798 0.04144
0.77080 0.00004 0.00001 0.05798 0.04144
0.76610 0.00003 0.00002 0.05798 0.04144
0.76140 0.00004 0.00001 0.05798 0.04144
0.75670 0.00003 0.00002 0.05798 0.04144
0.75200 0.00004 0.00002 0.05798 0.04144
0.74730 0.00003 0.00002 0.05798 0.04144
0.74260 0.00003 0.00002 0.05798 0.04144
0.73790 0.00003 0.00002 0.05798 0.04144
0.73320 0.00002 0.00002 0.05798 0.04144
0.72850 0.00002 0.00002 0.05798 0.04144
0.72380 -0.00000 0.00002 0.05798 0.04144
0.71910 -0.00002 0.00002 0.05798 0.04144
0.71440 -0.00004 0.00000 0.05798 0.04144
0.70970 -0.00006 0.00000 0.05798 0.04144
0.70500 -0.00008 0.00002 0.05798 0.04144
0.70030 -0.00009 0.00001 0.05798 0.04144
0.69560 -0.00008 0.00002 0.05798 0.04144
0.69090 -0.00008 0.00001 0.05798 0.04144
0.68620 -0.00006 0.00001 0.05798 0.04144
0.68150 -0.00005 0.00001 0.05798 0.04144
0.67680 -0.00003 0.00000 0.05798 0.04144
0.67210 -0.00002 0.00000 0.05798 0.04144
0.66740 -0.00002 0.00000 0.05798 0.04144
0.66270 -0.00001 0.00001 0.05798 0.04144
0.65800 -0.00000 0.00000 0.05798 0.04144
0.65330 0.00001 0.00000 0.05798 0.04144
0.64860 0.00002 0.00000 0.05798 0.04144
0.64390 0.00002 0.00000 0.05798 0.04144
0.63920 0.00002 0.00000 0.05798 0.04144
0.63450 0.00002 0.00000 0.05798 0.04144
0.62980 0.00001 0.00000 0.05798 0.04144
0.62510 0.00001 0.00000 0.05798 0.04144
0.62040 0.00001 0.00000 0.05798 0.04144
0.61570 0.00001 0.00001 0.05798 0.04144
0.61100 0.00001 0.00001 0.05798 0.04144
0.60630 0.00001 0.00001 0.05798 0.04144
0.60160 0.00002 0.00001 0.05798 0.04144
0.59690 0.00003 0.00001 0.05798 0.04144
0.59220 0.00004 0.00001 0.05798 0.04144
0.58750 0.00005 0.00001 0.05798 0.04144
0.58280 0.00005 0.00001 0.05798 0.04144
0.57810 0.00005 0.00000 0.05798 0.04144
0.57340 0.00004 0.00000 0.05798 0.04144
0.56870 0.00002 0.00000 0.05798 0.04144
0.56400 0.00002 0.00000 0.05798 0.04144
0.55930 0.00001 0.00001 0.05798 0.04144
0.55460 0.00001 0.00000 0.05798 0.04144
0.54990 0.00003 0.00000 0.05798 0.04144
0.54520 0.00004 0.00000 0.05798 0.04144
0.54050 0.00006 0.00000 0.05798 0.04144
0.53580 0.00008 0.00000 0.05798 0.04144
0.53110 0.00010 0.00000 0.05798 0.04144
0.52640 0.00011 0.00000 0.05798 0.04144
0.52170 0.00011 0.00000 0.05798 0.04144
0.51700 0.00010 0.00000 0.05798 0.04144
0.51230 0.00009 0.00000 0.05798 0.04144
0.50760 0.00008 0.00000 0.05798 0.04144
0.50290 0.00006 0.00000 0.05798 0.04144
0.49820 0.00005 0.00001 0.05798 0.04144
0.49350 0.00004 0.00000 0.05798 0.04144
0.48880 0.00004 0.00001 0.05798 0.04144
0.48410 0.00005 0.00001 0.05798 0.04144
0.47940 0.00007 0.00001 0.05798 0.04144
0.47470 0.00007 0.00002 0.05798 0.04144
0.47000 0.00010 0.00001 0.05798 0.04144
0.46530 0.00011 0.00001 0.05798 0.04144
0.46060 0.00013 0.00001 0.05798 0.04144
0.45590 0.00016 0.00001 0.05798 0.04144
0.45120 0.00017 0.00001 0.05798 0.04144
0.44650 0.00022 0.00002 0.05798 0.04144
0.44180 0.00025 0.00002 0.05798 0.04144
0.43710 0.00031 0.00002 0.05798 0.04144
0.43240 0.00034 0.00003 0.05798 0.04144
0.42770 0.00041 0.00003 0.05798 0.04144
0.42300 0.00046 0.00004 0.05798 0.04144
0.41830 0.00055 0.00001 0.05798 0.04144
0.41360 0.00068 0.00005 0.05798 0.04144
0.40890 0.00076 0.00005 0.05798 0.04144
0.40420 0.00094 0.00005 0.05798 0.04144
0.39950 0.00101 0.00005 0.05798 0.04144
0.39480 0.00117 0.00000 0.05798 0.04144
0.39010 0.00129 0.00004 0.05798 0.04144
0.38540 0.00143 0.00005 0.05798 0.04144
0.38070 0.00155 0.00007 0.05798 0.04144
0.37600 0.00162 0.00003 0.05798 0.04144
0.37130 0.00179 0.00003 0.05798 0.04144
0.36660 0.00189 0.00003 0.05798 0.04144
0.36190 0.00204 0.00002 0.05798 0.04144
0.35720 0.00213 0.00002 0.05798 0.04144
0.35250 0.00220 0.00003 0.05798 0.04144
0.34780 0.00231 0.00002 0.05798 0.04144
0.34310 0.00239 0.00002 0.05798 0.04144
0.33840 0.00251 0.00002 0.05798 0.04144
0.33370 0.00257 0.00003 0.05798 0.04144
0.32900 0.00265 0.00002 0.05798 0.04144
0.32430 0.00272 0.00002 0.05798 0.04144
0.31960 0.00281 0.00003 0.05798 0.04144
0.31490 0.00287 0.00002 0.05798 0.04144
0.31020 0.00293 0.00002 0.05798 0.04144
0.30550 0.00297 0.00003 0.05798 0.04144
0.30080 0.00302 0.00003 0.05798 0.04144
0.29610 0.00307 0.00004 0.05798 0.04144
0.29140 0.00313 0.00004 0.05798 0.04144
0.28670 0.00317 0.00001 0.05798 0.04144
0.28200 0.00323 0.00002 0.05798 0.04144
0.27730 0.00328 0.00005 0.05798 0.04144
0.27260 0.00334 0.00006 0.05798 0.04144
0.26790 0.00342 0.00006 0.05798 0.04144
0.26320 0.00347 0.00006 0.05798 0.04144
0.25850 0.00351 0.00006 0.05798 0.04144
0.25380 0.00356 0.00005 0.05798 0.04144
0.24910 0.00362 0.00005 0.05798 0.04144
0.24440 0.00369 0.00004 0.05798 0.04144
0.23970 0.00374 0.00001 0.05798 0.04144
0.23500 0.00384 0.00001 0.05798 0.04144
0.23030 0.00390 0.00005 0.05798 0.04144
0.22560 0.00400 0.00005 0.05798 0.04144
0.22090 0.00408 0.00006 0.05798 0.04144
0.21620 0.00417 0.00006 0.05798 0.04144
0.21150 0.00422 0.00005 0.05798 0.04144
0.20680 0.00429 0.00006 0.05798 0.04144
0.20210 0.00437 0.00005 0.05798 0.04144
0.19740 0.00443 0.00005 0.05798 0.04144
0.19270 0.00449 0.00001 0.05798 0.04144
0.18800 0.00458 0.00001 0.05798 0.04144
0.18330 0.00464 0.00005 0.05798 0.04144
0.17860 0.00474 0.00005 0.05798 0.04144
0.17390 0.00484 0.00006 0.05798 0.04144
0.16920 0.00495 0.00005 0.05798 0.04144
0.16450 0.00502 0.00005 0.05798 0.04144
0.15980 0.00513 0.00004 0.05798 0.04144
0.15510 0.00523 0.00005 0.05798 0.04144
0.15040 0.00534 0.00005 0.05798 0.04144
0.14570 0.00545 0.00005 0.05798 0.04144
0.14100 0.00553 0.00001 0.05798 0.04144
0.13630 0.00561 0.00006 0.05798 0.04144
0.13160 0.00573 0.00007 0.05798 0.04144
0.12690 0.00586 0.00006 0.05798 0.04144
0.12220 0.00603 0.00008 0.05798 0.04144
0.11750 0.00614 0.00006 0.05798 0.04144
0.11280 0.00633 0.00007 0.05798 0.04144
0.10810 0.00652 0.00007 0.05798 0.04144
0.10340 0.00673 0.00008 0.05798 0.04144
0.09870 0.00694 0.00007 0.05798 0.04144
0.09400 0.00708 0.00003 0.05798 0.04144
0.08930 0.00725 0.00010 0.05798 0.04144
0.08460 0.00747 0.00009 0.05798 0.04144
0.07990 0.00775 0.00010 0.05798 0.04144
0.07520 0.00800 0.00009 0.05798 0.04144
0.07050 0.00820 0.00010 0.05798 0.04144
0.06580 0.00849 0.00007 0.05798 0.04144
0.06110 0.00875 0.00005 0.05798 0.04144
0.05640 0.00911 0.00007 0.05798 0.04144
0.05170 0.00941 0.00005 0.05798 0.04144
0.04700 0.00977 0.00009 0.05798 0.04144
0.04230 0.00999 0.00012 0.05798 0.04144
0.03760 0.01056 0.00019 0.05798 0.04144
0.03290 0.01108 0.00016 0.05798 0.04144
0.02820 0.01158 0.00019 0.05798 0.04144
0.02350 0.01234 0.00013 0.05798 0.04144
0.01880 0.01293 0.00020 0.05798 0.04144
0.01410 0.01397 0.00015 0.05798 0.04144
0.00940 0.01449 0.00023 0.05798 0.04144
0.00470 0.01521 0.00007 0.05798 0.04144
0.00000 0.01542 0.00022 0.05798 0.04144
-0.00470 0.01559 0.00003 0.05798 0.04144
-0.00940 0.01543 0.00003 0.05798 0.04144
-0.01410 0.01510 0.00009 0.05798 0.04144
-0.01880 0.01438 0.00010 0.05798 0.04144
-0.02350 0.01378 0.00009 0.05798 0.04144
-0.02820 0.01297 0.00024 0.05798 0.04144
-0.03290 0.01237 0.00020 0.05798 0.04144
-0.03760 0.01171 0.00024 0.05798 0.04144
-0.04230 0.01093 0.00016 0.05798 0.04144
-0.04700 0.01065 0.00022 0.05798 0.04144
-0.05170 0.01007 0.00012 0.05798 0.04144
-0.05640 0.00971 0.00008 0.05798 0.04144
-0.06110 0.00914 0.00011 0.05798 0.04144
-0.06580 0.00884 0.00008 0.05798 0.04144
-0.07050 0.00841 0.00012 0.05798 0.04144
-0.07520 0.00812 0.00011 0.05798 0.04144
-0.07990 0.00783 0.00010 0.05798 0.04144
-0.08460 0.00736 0.00010 0.05798 0.04144
-0.08930 0.00712 0.00009 0.05798 0.04144
-0.09400 0.00679 0.00016 0.05798 0.04144
-0.09870 0.00666 0.00008 0.05798 0.04144
-0.10340 0.00640 0.00007 0.05798 0.04144
-0.10810 0.00621 0.00007 0.05798 0.04144
-0.11280 0.00606 0.00001 0.05798 0.04144
-0.11750 0.00588 0.00007 0.05798 0.04144
-0.12220 0.00583 0.00006 0.05798 0.04144
-0.12690 0.00564 0.00007 0.05798 0.04144
-0.13160 0.00556 0.00006 0.05798 0.04144
-0.13630 0.00543 0.00002 0.05798 0.04144
-0.14100 0.00535 0.00009 0.05798 0.04144
-0.14570 0.00527 0.00002 0.05798 0.04144
-0.15040 0.00513 0.00006 0.05798 0.04144
-0.15510 0.00508 0.00006 0.05798 0.04144
-0.15980 0.00494 0.00006 0.05798 0.04144
-0.16450 0.00490 0.00006 0.05798 0.04144
-0.16920 0.00479 0.00006 0.05798 0.04144
-0.17390 0.00476 0.00006 0.05798 0.04144
-0.17860 0.00470 0.00004 0.05798 0.04144
-0.18330 0.00459 0.00007 0.05798 0.04144
-0.18800 0.00457 0.00008 0.05798 0.04144
-0.19270 0.00442 0.00009 0.05798 0.04144
-0.19740 0.00440 0.00007 0.05798 0.04144
-0.20210 0.00427 0.00007 0.05798 0.04144
-0.20680 0.00425 0.00007 0.05798 0.04144
-0.21150 0.00418 0.00004 0.05798 0.04144
-0.21620 0.00415 0.00007 0.05798 0.04144
-0.22090 0.00416 0.00006 0.05798 0.04144
-0.22560 0.00408 0.00007 0.05798 0.04144
-0.23030 0.00408 0.00006 0.05798 0.04144
-0.23500 0.00400 0.00006 0.05798 0.04144
-0.23970 0.00399 0.00006 0.05798 0.04144
-0.24440 0.00393 0.00003 0.05798 0.04144
-0.24910 0.00388 0.00005 0.05798 0.04144
-0.25380 0.00383 0.00002 0.05798 0.04144
-0.25850 0.00376 0.00004 0.05798 0.04144
-0.26320 0.00374 0.00004 0.05798 0.04144
-0.26790 0.00365 0.00004 0.05798 0.04144
-0.27260 0.00363 0.00004 0.05798 0.04144
-0.27730 0.00356 0.00002 0.05798 0.04144
-0.28200 0.00353 0.00005 0.05798 0.04144
-0.28670 0.00349 0.00003 0.05798 0.04144
-0.29140 0.00343 0.00005 0.05798 0.04144
-0.29610 0.00341 0.00005 0.05798 0.04144
-0.30080 0.00332 0.00005 0.05798 0.04144
-0.30550 0.00330 0.00005 0.05798 0.04144
-0.31020 0.00322 0.00005 0.05798 0.04144
-0.31490 0.00319 0.00005 0.05798 0.04144
-0.31960 0.00315 0.00003 0.05798 0.04144
-0.32430 0.00308 0.00005 0.05798 0.04144
-0.32900 0.00306 0.00004 0.05798 0.04144
-0.33370 0.00299 0.00004 0.05798 0.04144
-0.33840 0.00298 0.00003 0.05798 0.04144
-0.34310 0.00292 0.00003 0.05798 0.04144
-0.34780 0.00290 0.00002 0.05798 0.04144
-0.35250 0.00285 0.00002 0.05798 0.04144
-0.35720 0.00281 0.00002 0.05798 0.04144
-0.36190 0.00277 0.00002 0.05798 0.04144
-0.36660 0.00265 0.00003 0.05798 0.04144
-0.37130 0.00258 0.00003 0.05798 0.04144
-0.37600 0.00242 0.00003 0.05798 0.04144
-0.38070 0.00236 0.00006 0.05798 0.04144
-0.38540 0.00224 0.00004 0.05798 0.04144
-0.39010 0.00211 0.00003 0.05798 0.04144
-0.39480 0.00197 0.00002 0.05798 0.04144
-0.39950 0.00181 0.00003 0.05798 0.04144
-0.40420 0.00173 0.00003 0.05798 0.04144
-0.40890 0.00154 0.00003 0.05798 0.04144
-0.41360 0.00143 0.00003 0.05798 0.04144
-0.41830 0.00128 0.00002 0.05798 0.04144
-0.42300 0.00114 0.00003 0.05798 0.04144
-0.42770 0.00106 0.00003 0.05798 0.04144
-0.43240 0.00095 0.00002 0.05798 0.04144
-0.43710 0.00085 0.00002 0.05798 0.04144
-0.44180 0.00071 0.00002 0.05798 0.04144
-0.44650 0.00063 0.00002 0.05798 0.04144
-0.45120 0.00051 0.00002 0.05798 0.04144
-0.45590 0.00048 0.00002 0.05798 0.04144
-0.46060 0.00041 0.00002 0.05798 0.04144
-0.46530 0.00034 0.00002 0.05798 0.04144
-0.47000 0.00032 0.00002 0.05798 0.04144
-0.47470 0.00026 0.00003 0.05798 0.04144
-0.47940 0.00025 0.00002 0.05798 0.04144
-0.48410 0.00022 0.00002 0.05798 0.04144
-0.48880 0.00021 0.00001 0.05798 0.04144
-0.49350 0.00019 0.00001 0.05798 0.04144
-0.49820 0.00018 0.00001 0.05798 0.04144
-0.50290 0.00017 0.00001 0.05798 0.04144
-0.50760 0.00015 0.00000 0.05798 0.04144
-0.51230 0.00013 0.00000 0.05798 0.04144
-0.51700 0.00010 0.00000 0.05798 0.04144
-0.52170 0.00009 0.00001 0.05798 0.04144
-0.52640 0.00007 0.00001 0.05798 0.04144
-0.53110 0.00004 0.00001 0.05798 0.04144
-0.53580 0.00002 0.00001 0.05798 0.04144
-0.54050 0.00000 0.00000 0.05798 0.04144
-0.54520 -0.00000 0.00001 0.05798 0.04144
-0.54990 -0.00001 0.00001 0.05798 0.04144
-0.55460 -0.00000 0.00001 0.05798 0.04144
-0.55930 -0.00000 0.00002 0.05798 0.04144
-0.56400 0.00002 0.00002 0.05798 0.04144
-0.56870 0.00003 0.00001 0.05798 0.04144
-0.57340 0.00003 0.00003 0.05798 0.04144
-0.57810 0.00006 0.00003 0.05798 0.04144
-0.58280 0.00005 0.00003 0.05798 0.04144
-0.58750 0.00007 0.00002 0.05798 0.04144
-0.59220 0.00006 0.00002 0.05798 0.04144
-0.59690 0.00006 0.00001 0.05798 0.04144
-0.60160 0.00006 0.00000 0.05798 0.04144
-0.60630 0.00005 0.00000 0.05798 0.04144
-0.61100 0.00005 0.00001 0.05798 0.04144
-0.61570 0.00005 0.00000 0.05798 0.04144
-0.62040 0.00005 0.00001 0.05798 0.04144
-0.62510 0.00005 0.00000 0.05798 0.04144
-0.62980 0.00005 0.00001 0.05798 0.04144
-0.63450 0.00006 0.00000 0.05798 0.04144
-0.63920 0.00006 0.00000 0.05798 0.04144
-0.64390 0.00006 0.00000 0.05798 0.04144
-0.64860 0.00005 0.00000 0.05798 0.04144
-0.65330 0.00004 0.00000 0.05798 0.04144
-0.65800 0.00002 0.00001 0.05798 0.04144
-0.66270 0.00002 0.00001 0.05798 0.04144
-0.66740 0.00000 0.00000 0.05798 0.04144
-0.67210 -0.00000 0.00001 0.05798 0.04144
-0.67680 0.00000 0.00000 0.05798 0.04144
-0.68150 0.00001 0.00000 0.05798 0.04144
-0.68620 0.00002 0.00000 0.05798 0.04144
-0.69090 0.00003 0.00000 0.05798 0.04144
-0.69560 0.00003 0.00000 0.05798 0.04144
-0.70030 0.00003 0.00000 0.05798 0.04144
-0.70500 0.00002 0.00000 0.05798 0.04144
-0.70970 0.00001 0.00000 0.05798 0.04144
-0.71440 -0.00000 0.00000 0.05798 0.04144
-0.71910 -0.00001 0.00000 0.05798 0.04144
-0.72380 -0.00003 0.00000 0.05798 0.04144
-0.72850 -0.00003 0.00000 0.05798 0.04144
-0.73320 -0.00003 0.00000 0.05798 0.04144
-0.73790 -0.00003 0.00000 0.05798 0.04144
-0.74260 -0.00001 0.00000 0.05798 0.04144
-0.74730 -0.00000 0.00000 0.05798 0.04144
-0.75200 0.00001 0.00000 0.05798 0.04144
-0.75670 0.00001 0.00001 0.05798 0.04144
-0.76140 0.00001 0.00001 0.05798 0.04144
-0.76610 -0.00001 0.00001 0.05798 0.04144
-0.77080 -0.00001 0.00001 0.05798 0.04144
-0.77550 -0.00003 0.00001 0.05798 0.04144
-0.78020 -0.00004 0.00001 0.05798 0.04144
-0.78490 -0.00004 0.00001 0.05798 0.04144
-0.78960 -0.00004 0.00001 0.05798 0.04144
-0.79430 -0.00003 0.00001 0.05798 0.04144
-0.79900 -0.00002 0.00001 0.05798 0.04144
-0.80370 -0.00001 0.00001 0.05798 0.04144
-0.80840 -0.00001 0.00000 0.05798 0.04144
-0.81310 -0.00001 0.00001 0.05798 0.04144
-0.81780 -0.00001 0.00000 0.05798 0.04144
-0.82250 -0.00001 0.00001 0.05798 0.04144
-0.82720 -0.00001 0.00001 0.05798 0.04144
-0.83190 -0.00002 0.00001 0.05798 0.04144
-0.83660 -0.00002 0.00001 0.05798 0.04144
-0.84130 -0.00001 0.00001 0.05798 0.04144
-0.84600 -0.00000 0.00001 0.05798 0.04144
-0.85070 0.00001 0.00001 0.05798 0.04144
-0.85540 0.00001 0.00001 0.05798 0.04144
-0.86010 0.00001 0.00001 0.05798 0.04144
-0.86480 0.00000 0.00001 0.05798 0.04144
-0.86950 0.00000 0.00001 0.05798 0.04144
-0.87420 -0.00001 0.00001 0.05798 0.04144
-0.87890 -0.00001 0.00000 0.05798 0.04144
-0.88360 -0.00001 0.00000 0.05798 0.04144
-0.88830 -0.00001 0.00000 0.05798 0.04144
-0.89300 -0.00000 0.00001 0.05798 0.04144
-0.89770 0.00001 0.00001 0.05798 0.04144
-0.90240 0.00001 0.00001 0.05798 0.04144
-0.90710 0.00002 0.00001 0.05798 0.04144
-0.91180 0.00001 0.00001 0.05798 0.04144
-0.91650 0.00001 0.00001 0.05798 0.04144
-0.92120 0.00001 0.00001 0.05798 0.04144
-0.92590 0.00000 0.00001 0.05798 0.04144
-0.93060 0.00000 0.00001 0.05798 0.04144
-0.93530 -0.00000 0.00000 0.05798 0.04144
-0.94000 0.00000 0.00000 0.05798 0.04144
-0.94470 0.00000 0.00000 0.05798 0.04144
-0.94940 0.00001 0.00000 0.05798 0.04144
-0.95410 0.00002 0.00000 0.05798 0.04144
-0.95880 0.00002 0.00001 0.05798 0.04144
-0.96350 0.00003 0.00000 0.05798 0.04144
-0.96820 0.00003 0.00000 0.05798 0.04144
-0.97290 0.00003 0.00000 0.05798 0.04144
-0.97760 0.00003 0.00000 0.05798 0.04144
-0.98230 0.00003 0.00001 0.05798 0.04144
-0.98700 0.00002 0.00001 0.05798 0.04144
-0.99170 0.00002 0.00001 0.05798 0.04144
-0.99640 0.00001 0.00000 0.05798 0.04144
-1.00110 0.00000 0.00001 0.05798 0.04144
