10.522970698859835 0.2829130355158257 -1.4546217242314827 
10.522970698859835 0.2829130355158257 -1.4546217242314827 
9.675663699451583 0.2436893214158111 -1.5385278950784247 
9.675663699451583 0.2436893214158111 -1.5385278950784247 
9.802904405928162 0.2819315344000699 -1.3385622562280861 
9.802904405928162 0.2819315344000699 -1.3385622562280861 
9.802904405928162 0.2819315344000699 -1.3385622562280861 
9.802904405928162 0.2819315344000699 -1.3385622562280861 
10.110749974520395 0.11712194571084028 -1.7113483272452454 
3.48131567988019 0.17319429215351106 -0.4893877043262095 
5.636818036486062 0.34536817851403556 -0.6061442380000894 
6.903027979757027 0.31479871741498405 -0.8763673191086401 
6.903027979757027 0.31479871741498405 -0.8763673191086401 
6.903027979757027 0.31479871741498405 -0.8763673191086401 
6.903027979757027 0.31479871741498405 -0.8763673191086401 
6.903027979757027 0.31479871741498405 -0.8763673191086401 
7.088752710284842 0.3126937143694877 -0.9059689357062033 
7.088752710284842 0.3126937143694877 -0.9059689357062033 
8.65141485860128 0.44519978402498517 -0.40503645141240574 
10.358411688155515 0.38967382313594123 -0.5340166632300385 
10.992482707962168 0.39506405058423194 -0.6675073720284643 
10.497415339273088 0.3853471690119808 -0.6927918540187822 
10.497415339273088 0.3853471690119808 -0.6927918540187822 
11.906106152491578 0.33194305314247974 -0.7347341557686848 
12.141886338373471 0.29401650979176225 -0.8636178893779949 
6.723649949749282 0.41623931556069677 -0.8827237177756052 
6.460519793471505 0.490864799584298 -0.8659708512187567 
19.19068099187612 0.2936054411040129 -0.20816011602032267 
19.19068099187612 0.2936054411040129 -0.20816011602032267 
19.19068099187612 0.2936054411040129 -0.20816011602032267 
19.19068099187612 0.2936054411040129 -0.20816011602032267 
19.19068099187612 0.2936054411040129 -0.20816011602032267 
19.19068099187612 0.2936054411040129 -0.20816011602032267 
19.19068099187612 0.2936054411040129 -0.20816011602032267 
19.19068099187612 0.2936054411040129 -0.20816011602032267 
19.175554117699445 0.2756173384725649 -0.2810949336006049 
13.065262632579701 0.4463502562805307 -1.2146345571110158 
13.385002710901782 0.4154028242981956 -1.1712036158722685 
13.385002710901782 0.4154028242981956 -1.1712036158722685 
13.385002710901782 0.4154028242981956 -1.1712036158722685 
13.385002710901782 0.4154028242981956 -1.1712036158722685 
9.731035966935242 0.6818150891441727 0.45421717756014335 
9.731035966935242 0.6818150891441727 0.45421717756014335 
9.731035966935242 0.6818150891441727 0.45421717756014335 
10.276111620405155 0.5184091382043994 -0.04603835217510277 
15.317427090932881 0.2283647389388202 -0.9087185056606172 
15.754704911142241 0.18604090618901623 -0.8493221753219794 
15.754704911142241 0.18604090618901623 -0.8493221753219794 
15.754704911142241 0.18604090618901623 -0.8493221753219794 
15.754704911142241 0.18604090618901623 -0.8493221753219794 
15.754704911142241 0.18604090618901623 -0.8493221753219794 
19.05979669334329 0.13796454878511533 -0.8392238986710545 
19.05979669334329 0.13796454878511533 -0.8392238986710545 
19.05979669334329 0.13796454878511533 -0.8392238986710545 
10.405779753208364 0.2390217963862033 -1.1356159586597188 
10.331256512996802 0.2111107889388554 -0.9327560605300435 
10.125890267903351 0.3790049825644992 -0.830972538928112 
10.125890267903351 0.3790049825644992 -0.830972538928112 
10.125890267903351 0.3790049825644992 -0.830972538928112 
10.125890267903351 0.3790049825644992 -0.830972538928112 
10.125890267903351 0.3790049825644992 -0.830972538928112 
10.125890267903351 0.3790049825644992 -0.830972538928112 
10.125890267903351 0.3790049825644992 -0.830972538928112 
14.027220889065969 0.22097455923560394 -1.8635269536890386 
17.60658335361819 0.056388237097999006 -3.160623359990004 
17.60658335361819 0.056388237097999006 -3.160623359990004 
17.60658335361819 0.056388237097999006 -3.160623359990004 
18.511681388649826 0.041614507824961997 -3.4517416469908575 
18.95298737252728 0.029436754040975677 -3.558824273173653 
18.95298737252728 0.029436754040975677 -3.558824273173653 
18.95298737252728 0.029436754040975677 -3.558824273173653 
18.95298737252728 0.029436754040975677 -3.558824273173653 
12.69624941754105 0.0837933509807322 -0.7343284863417374 
12.69624941754105 0.0837933509807322 -0.7343284863417374 
12.69624941754105 0.0837933509807322 -0.7343284863417374 
11.255619061155913 0.16005372243548865 -1.1178812767408923 
11.255619061155913 0.16005372243548865 -1.1178812767408923 
11.255619061155913 0.16005372243548865 -1.1178812767408923 
11.39912598247007 0.18174535844456885 -1.0767102250036396 
11.365509530367493 0.19182309405443126 -1.0458579645011956 
11.365509530367493 0.19182309405443126 -1.0458579645011956 
9.692371601981707 0.66931141920442 -0.8258203496892573 
9.613088253262312 0.7061943846612055 -0.7657992410214969 
9.847381470858862 0.6066958081729363 -0.6929381402010661 
9.847381470858862 0.6066958081729363 -0.6929381402010661 
9.298012858664642 0.5522325447985319 -0.7271630502728079 
9.298012858664642 0.5522325447985319 -0.7271630502728079 
9.298012858664642 0.5522325447985319 -0.7271630502728079 
9.298012858664642 0.5522325447985319 -0.7271630502728079 
9.298012858664642 0.5522325447985319 -0.7271630502728079 
